{
  "advancedEditorSelectedIdentifier" : "ProjectBrowser",
  "openSceneRelativePaths" : [
    "Scene.usda"
  ],
  "recentIdentifiers" : {
    "F4762315-832E-41D1-9BAC-90989898ACD1" : [

    ]
  },
  "sceneCameraHistory" : {
    "F4762315-832E-41D1-9BAC-90989898ACD1" : [
      {
        "date" : 774184130.96538,
        "title" : "Untitled",
        "transform" : [
          0.15137866,
          -1.0871554e-08,
          -0.98847586,
          0,
          -0.568915,
          0.8177683,
          -0.08712557,
          0,
          0.808344,
          0.5755478,
          0.12379239,
          0,
          40.766968,
          42.06118,
          -34.679367,
          1
        ]
      },
      {
        "date" : 774184127.023714,
        "title" : "Untitled",
        "transform" : [
          0.95554096,
          -1.4736317e-08,
          -0.29485863,
          0,
          -0.07586287,
          0.96633554,
          -0.24584664,
          0,
          0.28493258,
          0.2572855,
          0.9233729,
          0,
          53.223755,
          27.367167,
          33.82496,
          1
        ]
      },
      {
        "date" : 774184097.857762,
        "title" : "Untitled",
        "transform" : [
          -0.16766909,
          -1.4355329e-08,
          -0.98584336,
          0,
          -0.19178076,
          0.9808957,
          0.032617524,
          0,
          0.96700937,
          0.19453491,
          -0.1644661,
          0,
          41.40184,
          24.259977,
          -48.091087,
          1
        ]
      },
      {
        "date" : 774183949.599868,
        "title" : "Untitled",
        "transform" : [
          -0.9649875,
          -1.4874132e-08,
          -0.26229548,
          0,
          -0.017731972,
          0.9977123,
          0.06523633,
          0,
          0.26169524,
          0.06760344,
          -0.96278006,
          0,
          -26.16983,
          17.794641,
          -60.035686,
          1
        ]
      },
      {
        "date" : 774183882.195402,
        "title" : "Untitled",
        "transform" : [
          -0.37290224,
          -1.4952718e-08,
          -0.9278706,
          0,
          -0.41494057,
          0.8944357,
          0.16676067,
          0,
          0.8299204,
          0.44719678,
          -0.33353725,
          0,
          34.44265,
          28.353798,
          -33.85505,
          1
        ]
      },
      {
        "date" : 774183828.599559,
        "title" : "Untitled",
        "transform" : [
          -0.9983213,
          -1.4902474e-08,
          0.05791813,
          0,
          0.024939258,
          0.9025457,
          0.42987126,
          0,
          -0.05227399,
          0.4305943,
          -0.90103054,
          0,
          6.596493,
          30.244469,
          -43.8774,
          1
        ]
      },
      {
        "date" : 774182709.464304,
        "title" : "Untitled",
        "transform" : [
          -0.9983213,
          -1.4902474e-08,
          0.05791813,
          0,
          0.024939258,
          0.9025457,
          0.42987126,
          0,
          -0.05227398,
          0.43059424,
          -0.9010304,
          0,
          -20.119648,
          30.406578,
          -42.249977,
          1
        ]
      },
      {
        "date" : 774182704.230819,
        "title" : "Untitled",
        "transform" : [
          -0.90631735,
          -1.3452393e-08,
          -0.4225977,
          0,
          -0.002767419,
          0.99997854,
          0.00593522,
          0,
          0.42258844,
          0.006548883,
          -0.906298,
          0,
          5.722395,
          9.44114,
          -54.85775,
          1
        ]
      },
      {
        "date" : 774182682.023557,
        "title" : "Untitled",
        "transform" : [
          -0.96816653,
          -1.2000777e-08,
          0.25030705,
          0,
          0.028879091,
          0.99332213,
          0.111701705,
          0,
          -0.24863566,
          0.11537468,
          -0.96170115,
          0,
          -30.982405,
          10.2218485,
          -45.034943,
          1
        ]
      },
      {
        "date" : 774182678.788192,
        "title" : "Untitled",
        "transform" : [
          -0.5895763,
          -1.2539753e-08,
          0.8077126,
          0,
          0.4356561,
          0.84206885,
          0.3179998,
          0,
          -0.6801496,
          0.5393703,
          -0.49646363,
          0,
          -45.086197,
          31.995712,
          -9.281895,
          1
        ]
      }
    ]
  },
  "sceneViewportBackgroundColors" : {

  }
}