{
  "advancedEditorSelectedIdentifier" : "ShaderGraphEditorPluginID",
  "openSceneRelativePaths" : [
    "Scene.usda"
  ],
  "recentIdentifiers" : {
    "B6613891-0877-4625-883C-781989A64D0A" : [

    ]
  },
  "sceneCameraHistory" : {
    "B6613891-0877-4625-883C-781989A64D0A" : [
      {
        "date" : 774959000.549466,
        "title" : "Untitled",
        "transform" : [
          0.18263285,
          -0.3175044,
          -0.9305032,
          0,
          -0.5203063,
          0.77181935,
          -0.36548084,
          0,
          0.83422214,
          0.5508955,
          -0.024239844,
          0,
          84.37902,
          5.088431,
          0.54105157,
          1
        ]
      },
      {
        "date" : 774958995.368641,
        "title" : "Untitled",
        "transform" : [
          0.1734258,
          -0.3175044,
          -0.9322631,
          0,
          -0.4975647,
          0.7886656,
          -0.36115918,
          0,
          0.8499134,
          0.52649564,
          -0.021203939,
          0,
          70.59033,
          2.1940007,
          0.47305864,
          1
        ]
      },
      {
        "date" : 774958993.025568,
        "title" : "Untitled",
        "transform" : [
          0.1734258,
          -0.3175044,
          -0.9322631,
          0,
          -0.4975647,
          0.7886656,
          -0.36115918,
          0,
          0.8499134,
          0.52649564,
          -0.021203939,
          0,
          68.84325,
          5.002068,
          0.16973297,
          1
        ]
      },
      {
        "date" : 774958968.126913,
        "title" : "Untitled",
        "transform" : [
          0.1734258,
          -0.3175044,
          -0.9322631,
          0,
          -0.4975647,
          0.7886656,
          -0.36115918,
          0,
          0.8499134,
          0.52649564,
          -0.021203939,
          0,
          76.24452,
          5.539836,
          0.18798082,
          1
        ]
      },
      {
        "date" : 774958956.283046,
        "title" : "Untitled",
        "transform" : [
          0.14052142,
          -0.3175044,
          -0.9377871,
          0,
          -0.47041345,
          0.8120335,
          -0.34541675,
          0,
          0.8711857,
          0.48968622,
          -0.035250146,
          0,
          61.747604,
          1.8276416,
          -1.0951308,
          1
        ]
      },
      {
        "date" : 774958876.742032,
        "title" : "Untitled",
        "transform" : [
          0.20611542,
          -0.3175044,
          -0.92558485,
          0,
          -0.6010582,
          0.7053388,
          -0.3758008,
          0,
          0.77216923,
          0.63378876,
          -0.045457315,
          0,
          60.478672,
          12.61442,
          -0.7164367,
          1
        ]
      },
      {
        "date" : 774958834.656043,
        "title" : "Untitled",
        "transform" : [
          0.1890284,
          -0.3175044,
          -0.929225,
          0,
          -0.54790956,
          0.7511833,
          -0.36812875,
          0,
          0.81490076,
          0.5787181,
          -0.031968605,
          0,
          96.69213,
          9.616283,
          -0.12516586,
          1
        ]
      },
      {
        "date" : 774948981.221955,
        "title" : "Untitled",
        "transform" : [
          0.1890284,
          -0.3175044,
          -0.929225,
          0,
          -0.54790956,
          0.7511833,
          -0.36812875,
          0,
          0.81490076,
          0.5787181,
          -0.031968605,
          0,
          88.36927,
          13.863291,
          -1.86082,
          1
        ]
      },
      {
        "date" : 774948976.664514,
        "title" : "Untitled",
        "transform" : [
          0.1890284,
          -0.3175044,
          -0.929225,
          0,
          -0.54790956,
          0.7511833,
          -0.36812875,
          0,
          0.81490076,
          0.5787181,
          -0.031968605,
          0,
          96.15402,
          2.9919422,
          -0.22314304,
          1
        ]
      },
      {
        "date" : 774948964.543595,
        "title" : "Untitled",
        "transform" : [
          0.1890284,
          -0.3175044,
          -0.929225,
          0,
          -0.54790956,
          0.7511833,
          -0.36812875,
          0,
          0.81490076,
          0.5787181,
          -0.031968605,
          0,
          97.171585,
          1.5506542,
          -0.37597644,
          1
        ]
      }
    ]
  },
  "sceneViewportBackgroundColors" : {

  }
}