{
  "advancedEditorSelectedIdentifier" : "ProjectBrowser",
  "openSceneRelativePaths" : [
    "Scene.usda",
    "emmision\/emmision_afterEffect_slowDown.usda"
  ],
  "recentIdentifiers" : {
    "1782E5C1-608A-4A41-9783-8904E9AA208A" : [

    ],
    "96DCEB4F-79F4-4C83-B0E0-383E1B485094" : [

    ],
    "A5F8E0FE-FD55-42EF-AE5C-F574AB45A51D" : [

    ],
    "B32FF871-88BB-43E6-BB9F-A26A670917B0" : [

    ],
    "B6613891-0877-4625-883C-781989A64D0A" : [

    ],
    "C8D6B719-65E5-4700-A3E1-14277546490E" : [

    ]
  },
  "sceneCameraHistory" : {
    "01ED0A44-CF86-42BE-A179-EBEA2399A523" : [
      {
        "date" : 775209981.093944,
        "title" : "Untitled",
        "transform" : [
          0.9999783,
          2.0226126e-10,
          0.006593307,
          0,
          -0.00043166988,
          0.99785453,
          0.06546961,
          0,
          -0.006579161,
          -0.06547104,
          0.9978328,
          0,
          -0.02627582,
          0.12968606,
          2.1590037,
          1
        ]
      },
      {
        "date" : 775209501.050206,
        "title" : "Untitled",
        "transform" : [
          0.9999783,
          2.0226126e-10,
          0.006593307,
          0,
          -0.00043166988,
          0.99785453,
          0.06546961,
          0,
          -0.006579161,
          -0.06547104,
          0.9978328,
          0,
          -0.03460737,
          0.17080697,
          2.8435817,
          1
        ]
      },
      {
        "date" : 775208190.044861,
        "title" : "Untitled",
        "transform" : [
          0.9999783,
          2.0226126e-10,
          0.006593307,
          0,
          -0.00043166988,
          0.99785453,
          0.06546961,
          0,
          -0.006579161,
          -0.06547104,
          0.9978328,
          0,
          -0.025807755,
          0.1273759,
          2.1205444,
          1
        ]
      },
      {
        "date" : 775208173.451487,
        "title" : "Untitled",
        "transform" : [
          0.9999783,
          2.0226126e-10,
          0.006593307,
          0,
          -0.00043166988,
          0.99785453,
          0.06546961,
          0,
          -0.006579161,
          -0.06547104,
          0.9978328,
          0,
          -0.026204722,
          0.12933517,
          2.153162,
          1
        ]
      },
      {
        "date" : 775208099.794022,
        "title" : "Untitled",
        "transform" : [
          0.9999783,
          2.0226126e-10,
          0.006593307,
          0,
          -0.00043166988,
          0.99785453,
          0.06546961,
          0,
          -0.006579161,
          -0.06547104,
          0.9978328,
          0,
          -0.026725344,
          0.13190474,
          2.19594,
          1
        ]
      },
      {
        "date" : 775208055.868841,
        "title" : "Untitled",
        "transform" : [
          0.9999783,
          2.0226126e-10,
          0.006593307,
          0,
          -0.00043166988,
          0.99785453,
          0.06546961,
          0,
          -0.006579161,
          -0.06547104,
          0.9978328,
          0,
          -0.028843975,
          0.14236137,
          2.3700213,
          1
        ]
      },
      {
        "date" : 775208018.760783,
        "title" : "Untitled",
        "transform" : [
          0.9999783,
          2.0226126e-10,
          0.006593307,
          0,
          -0.00043166988,
          0.99785453,
          0.06546961,
          0,
          -0.006579161,
          -0.06547104,
          0.9978328,
          0,
          -0.0341893,
          0.16874358,
          2.8092303,
          1
        ]
      },
      {
        "date" : 775208010.925468,
        "title" : "Untitled",
        "transform" : [
          0.9999783,
          2.0226126e-10,
          0.006593307,
          0,
          -0.00043166988,
          0.99785453,
          0.06546961,
          0,
          -0.006579161,
          -0.06547104,
          0.9978328,
          0,
          -0.069204435,
          0.42898017,
          3.908127,
          1
        ]
      },
      {
        "date" : 775207993.487155,
        "title" : "Untitled",
        "transform" : [
          0.9999783,
          2.0226126e-10,
          0.006593307,
          0,
          -0.00043166988,
          0.99785453,
          0.06546961,
          0,
          -0.006579161,
          -0.06547104,
          0.9978328,
          0,
          -0.03777121,
          0.23413384,
          2.1330235,
          1
        ]
      },
      {
        "date" : 775207985.491945,
        "title" : "Untitled",
        "transform" : [
          0.9999783,
          2.0226126e-10,
          0.006593307,
          0,
          -0.00043166988,
          0.99785453,
          0.06546961,
          0,
          -0.006579161,
          -0.06547104,
          0.9978328,
          0,
          0.009537471,
          0.4587983,
          2.1480763,
          1
        ]
      }
    ],
    "0E3E4A37-E3FB-43F3-AA18-35B2728F2BBD" : [
      {
        "date" : 775296023.08751,
        "title" : "Untitled",
        "transform" : [
          -0.08196746,
          -1.3083429e-09,
          -0.996635,
          0,
          -0.40262872,
          0.91476434,
          0.03311394,
          0,
          0.911686,
          0.40398812,
          -0.0749809,
          0,
          1.1007464,
          0.36389947,
          -0.09053005,
          1
        ]
      },
      {
        "date" : 775296010.850119,
        "title" : "Untitled",
        "transform" : [
          -0.08196746,
          -1.3083429e-09,
          -0.996635,
          0,
          -0.40262872,
          0.91476434,
          0.03311394,
          0,
          0.911686,
          0.40398812,
          -0.0749809,
          0,
          0.5964091,
          0.24689214,
          -0.049051214,
          1
        ]
      },
      {
        "date" : 775295952.392495,
        "title" : "Untitled",
        "transform" : [
          -0.08196746,
          -1.3083429e-09,
          -0.996635,
          0,
          -0.40262872,
          0.91476434,
          0.03311394,
          0,
          0.911686,
          0.40398812,
          -0.0749809,
          0,
          0.76922363,
          0.2869855,
          -0.06326421,
          1
        ]
      },
      {
        "date" : 775295923.347927,
        "title" : "Untitled",
        "transform" : [
          -0.07791975,
          -2.2508795e-09,
          -0.9969596,
          0,
          -0.6023033,
          0.79687816,
          0.047074508,
          0,
          0.79445523,
          0.6041401,
          -0.06209254,
          0,
          1.1224024,
          0.64011174,
          -0.087724075,
          1
        ]
      },
      {
        "date" : 775295904.321031,
        "title" : "Untitled",
        "transform" : [
          -0.07791975,
          -2.2508795e-09,
          -0.9969596,
          0,
          -0.6023033,
          0.79687816,
          0.047074508,
          0,
          0.79445523,
          0.6041401,
          -0.06209254,
          0,
          1.0351169,
          0.48734546,
          -0.08090207,
          1
        ]
      },
      {
        "date" : 775295809.114305,
        "title" : "Untitled",
        "transform" : [
          -0.07791975,
          -2.2508795e-09,
          -0.9969596,
          0,
          -0.60230327,
          0.79687804,
          0.0470745,
          0,
          0.79445523,
          0.6041401,
          -0.06209254,
          0,
          0.5814746,
          0.3427075,
          -0.045446552,
          1
        ]
      },
      {
        "date" : 775295805.973257,
        "title" : "Untitled",
        "transform" : [
          0.10934687,
          -2.0244109e-09,
          -0.99400365,
          0,
          -0.55158097,
          0.8319114,
          -0.060677435,
          0,
          0.82692295,
          0.5549084,
          0.09096691,
          0,
          0.5898223,
          0.30714282,
          0.06488427,
          1
        ]
      },
      {
        "date" : 775295543.939482,
        "title" : "Untitled",
        "transform" : [
          0.1130516,
          3.211778e-09,
          -0.9935891,
          0,
          -0.40380576,
          0.91369027,
          -0.04594539,
          0,
          0.90783274,
          0.4064112,
          0.10329416,
          0,
          0.42584622,
          0.19063939,
          0.04845322,
          1
        ]
      },
      {
        "date" : 775295533.732373,
        "title" : "Untitled",
        "transform" : [
          0.11042743,
          4.0597836e-09,
          -0.99388415,
          0,
          -0.2638573,
          0.9641161,
          -0.029316328,
          0,
          0.95821977,
          0.2654809,
          0.10646488,
          0,
          0.44948176,
          0.124531806,
          0.04994054,
          1
        ]
      }
    ],
    "12E10987-22C6-49F6-8467-8316E06A60F2" : [
      {
        "date" : 775209785.751008,
        "title" : "Untitled",
        "transform" : [
          1,
          0,
          0,
          0,
          0,
          0.7071069,
          -0.70710677,
          0,
          0,
          0.70710677,
          0.7071069,
          0,
          0,
          1.2857156,
          1.2857157,
          1
        ]
      },
      {
        "date" : 775209775.31713,
        "title" : "Untitled",
        "transform" : [
          1,
          0,
          0,
          0,
          0,
          0.7071069,
          -0.70710677,
          0,
          0,
          0.70710677,
          0.7071069,
          0,
          0,
          0.8241326,
          0.8241327,
          1
        ]
      },
      {
        "date" : 775209724.993744,
        "title" : "Untitled",
        "transform" : [
          1,
          0,
          0,
          0,
          0,
          0.7071069,
          -0.70710677,
          0,
          0,
          0.70710677,
          0.7071069,
          0,
          0,
          0.61907464,
          0.6190747,
          1
        ]
      },
      {
        "date" : 775209710.835663,
        "title" : "Untitled",
        "transform" : [
          1,
          0,
          0,
          0,
          0,
          0.7071069,
          -0.70710677,
          0,
          0,
          0.70710677,
          0.7071069,
          0,
          0,
          0.88230485,
          0.88230497,
          1
        ]
      },
      {
        "date" : 775209696.4023,
        "title" : "Untitled",
        "transform" : [
          1,
          0,
          0,
          0,
          0,
          0.7071069,
          -0.70710677,
          0,
          0,
          0.70710677,
          0.7071069,
          0,
          0,
          0.6227085,
          0.62270856,
          1
        ]
      },
      {
        "date" : 775209669.287651,
        "title" : "Untitled",
        "transform" : [
          1,
          0,
          0,
          0,
          0,
          0.7071069,
          -0.70710677,
          0,
          0,
          0.70710677,
          0.7071069,
          0,
          0,
          0.59986013,
          0.5998602,
          1
        ]
      },
      {
        "date" : 775209661.111852,
        "title" : "Untitled",
        "transform" : [
          1,
          0,
          0,
          0,
          0,
          0.7071069,
          -0.70710677,
          0,
          0,
          0.70710677,
          0.7071069,
          0,
          0,
          0.37816256,
          0.3781626,
          1
        ]
      },
      {
        "date" : 775209646.561363,
        "title" : "Untitled",
        "transform" : [
          1,
          0,
          0,
          0,
          0,
          0.7071069,
          -0.70710677,
          0,
          0,
          0.70710677,
          0.7071069,
          0,
          0,
          0.45191115,
          0.45191118,
          1
        ]
      }
    ],
    "15CF820A-142C-49B8-A29B-A8A549476FA4" : [
      {
        "date" : 775280835.473415,
        "title" : "Untitled",
        "transform" : [
          0.99999875,
          -2.4573513e-08,
          -0.0015536719,
          0,
          4.6478544e-05,
          0.9995521,
          0.029924426,
          0,
          0.0015530677,
          -0.029924592,
          0.9995509,
          0,
          0.008630646,
          0.17447866,
          0.7374149,
          1
        ]
      },
      {
        "date" : 775280738.830472,
        "title" : "Untitled",
        "transform" : [
          0.9876256,
          -2.4565889e-08,
          -0.1568297,
          0,
          -0.015292501,
          0.9952346,
          -0.096303515,
          0,
          0.15608242,
          0.097509995,
          0.9829191,
          0,
          0.11862076,
          0.26689672,
          0.69928056,
          1
        ]
      },
      {
        "date" : 775280731.19626,
        "title" : "Untitled",
        "transform" : [
          0.87921447,
          -2.7723768e-08,
          -0.47642618,
          0,
          -0.29276824,
          0.7889098,
          -0.5402852,
          0,
          0.37585744,
          0.614509,
          0.6936209,
          0,
          0.22414236,
          0.6047398,
          0.3979299,
          1
        ]
      },
      {
        "date" : 775280402.005848,
        "title" : "Untitled",
        "transform" : [
          0.9999374,
          -1.225255e-09,
          0.011176983,
          0,
          8.848307e-05,
          0.99996865,
          -0.007921396,
          0,
          -0.011176503,
          0.007921749,
          0.99990606,
          0,
          -0.00067801145,
          0.20225938,
          0.7303348,
          1
        ]
      },
      {
        "date" : 775280377.664619,
        "title" : "Untitled",
        "transform" : [
          0.99993926,
          -1.389121e-09,
          -0.011019426,
          0,
          -0.004166006,
          0.9257833,
          -0.37803176,
          0,
          0.01020173,
          0.37805456,
          0.92572707,
          0,
          0.023010598,
          0.74666286,
          0.9820847,
          1
        ]
      },
      {
        "date" : 775280169.121157,
        "title" : "Untitled",
        "transform" : [
          0.9998877,
          -1.5634897e-09,
          0.0149854375,
          0,
          0.0023545322,
          0.9875787,
          -0.15710773,
          0,
          -0.014799168,
          0.15712525,
          0.9874677,
          0,
          -0.001935036,
          0.20730372,
          0.46418372,
          1
        ]
      },
      {
        "date" : 775280164.199878,
        "title" : "Untitled",
        "transform" : [
          0.993838,
          -1.7280573e-09,
          -0.11084205,
          0,
          -0.037058584,
          0.94245386,
          -0.33227614,
          0,
          0.10446365,
          0.3343362,
          0.93664646,
          0,
          0.051394247,
          0.28836125,
          0.41551358,
          1
        ]
      },
      {
        "date" : 775280127.344044,
        "title" : "Untitled",
        "transform" : [
          0.993838,
          -1.7280573e-09,
          -0.11084205,
          0,
          -0.037058584,
          0.94245386,
          -0.33227614,
          0,
          0.10446365,
          0.3343362,
          0.93664646,
          0,
          0.13817592,
          0.2187643,
          0.73671174,
          1
        ]
      },
      {
        "date" : 775280089.323841,
        "title" : "Untitled",
        "transform" : [
          0.9973724,
          -1.750238e-09,
          0.072445005,
          0,
          0.029367434,
          0.9141499,
          -0.4043113,
          0,
          -0.066225454,
          0.40537632,
          0.9117479,
          0,
          0.0027372055,
          0.275244,
          0.73070365,
          1
        ]
      },
      {
        "date" : 775280053.485289,
        "title" : "Untitled",
        "transform" : [
          0.9973724,
          -1.750238e-09,
          0.072445005,
          0,
          0.029367434,
          0.9141499,
          -0.4043113,
          0,
          -0.066225454,
          0.40537632,
          0.9117479,
          0,
          0.026902135,
          0.34701294,
          0.46816587,
          1
        ]
      }
    ],
    "1782E5C1-608A-4A41-9783-8904E9AA208A" : [
      {
        "date" : 775296052.201336,
        "title" : "Untitled",
        "transform" : [
          0.9948208,
          1.6451105e-08,
          -0.1016458,
          0,
          -0.053995926,
          0.8472372,
          -0.5284633,
          0,
          0.08611804,
          0.53121495,
          0.842849,
          0,
          2.11627,
          12.340458,
          106.37466,
          1
        ]
      },
      {
        "date" : 775296042.786572,
        "title" : "Untitled",
        "transform" : [
          0.8293555,
          1.7459007e-08,
          -0.55872136,
          0,
          -0.50053686,
          0.44433445,
          -0.74298716,
          0,
          0.24825892,
          0.89586115,
          0.368511,
          0,
          0.89127004,
          5.864407,
          90.120026,
          1
        ]
      },
      {
        "date" : 775296035.268334,
        "title" : "Untitled",
        "transform" : [
          0.003134471,
          1.765019e-08,
          -0.9999951,
          0,
          -0.5038005,
          0.8638186,
          -0.0015790134,
          0,
          0.8638142,
          0.5038032,
          0.0027077026,
          0,
          2.719674,
          4.194065,
          88.1374,
          1
        ]
      },
      {
        "date" : 775296032.820648,
        "title" : "Untitled",
        "transform" : [
          0.003134471,
          1.765019e-08,
          -0.9999951,
          0,
          -0.5038005,
          0.8638186,
          -0.0015790134,
          0,
          0.8638142,
          0.5038032,
          0.0027077026,
          0,
          1.3931568,
          3.036535,
          87.13133,
          1
        ]
      },
      {
        "date" : 775296027.588025,
        "title" : "Untitled",
        "transform" : [
          0.003134471,
          1.765019e-08,
          -0.9999951,
          0,
          -0.5038005,
          0.8638186,
          -0.0015790134,
          0,
          0.8638142,
          0.5038032,
          0.0027077026,
          0,
          1.5784944,
          2.9631605,
          88.57441,
          1
        ]
      },
      {
        "date" : 775296001.077154,
        "title" : "Untitled",
        "transform" : [
          -0.0450307,
          1.7592837e-08,
          -0.99898565,
          0,
          -0.6603056,
          0.75040686,
          0.029764354,
          0,
          0.7496455,
          0.66097635,
          -0.033791244,
          0,
          1.2211257,
          3.4953194,
          88.450226,
          1
        ]
      },
      {
        "date" : 775295993.564343,
        "title" : "Untitled",
        "transform" : [
          -0.0450307,
          1.7592837e-08,
          -0.99898565,
          0,
          -0.6603056,
          0.75040686,
          0.029764354,
          0,
          0.7496455,
          0.66097635,
          -0.033791244,
          0,
          0.8139876,
          2.5065398,
          89.448875,
          1
        ]
      },
      {
        "date" : 775295970.395787,
        "title" : "Untitled",
        "transform" : [
          0.96837395,
          1.434663e-08,
          -0.24950351,
          0,
          -0.10850483,
          0.9004872,
          -0.42112902,
          0,
          0.2246745,
          0.43488276,
          0.8720081,
          0,
          -0.26980495,
          1.8866316,
          92.50222,
          1
        ]
      },
      {
        "date" : 775295968.539924,
        "title" : "Untitled",
        "transform" : [
          0.7474225,
          1.3304286e-08,
          -0.66434896,
          0,
          -0.32742265,
          0.8701159,
          -0.36836514,
          0,
          0.5780603,
          0.49284738,
          0.6503442,
          0,
          0.68875086,
          2.0608003,
          91.64227,
          1
        ]
      },
      {
        "date" : 775295945.432773,
        "title" : "Untitled",
        "transform" : [
          0.9806335,
          1.3625172e-08,
          0.19585168,
          0,
          0.07687656,
          0.91974145,
          -0.3849228,
          0,
          -0.18013313,
          0.39252472,
          0.9019292,
          0,
          -1.2732596,
          1.3236698,
          91.76587,
          1
        ]
      }
    ],
    "1A993583-FF95-40D0-B754-99E7946A1402" : [
      {
        "date" : 775282278.341493,
        "title" : "Untitled",
        "transform" : [
          0.999975,
          -2.8898293e-09,
          -0.007075037,
          0,
          -0.0027958597,
          0.9186061,
          -0.39516458,
          0,
          0.0064991573,
          0.3951744,
          0.91858315,
          0,
          0.002886438,
          0.28839922,
          0.40795732,
          1
        ]
      },
      {
        "date" : 775282263.620184,
        "title" : "Untitled",
        "transform" : [
          0.999975,
          -2.8898293e-09,
          -0.007075037,
          0,
          -0.0027958597,
          0.9186061,
          -0.39516458,
          0,
          0.0064991573,
          0.3951744,
          0.91858315,
          0,
          0.0039462964,
          0.39429522,
          0.5577533,
          1
        ]
      },
      {
        "date" : 775282258.805305,
        "title" : "Untitled",
        "transform" : [
          0.9999869,
          -2.9252356e-09,
          0.005131913,
          0,
          0.0025188944,
          0.8712572,
          -0.49082038,
          0,
          -0.0044712294,
          0.4908268,
          0.8712457,
          0,
          -0.0026303777,
          0.45149514,
          0.5125605,
          1
        ]
      },
      {
        "date" : 775282225.480926,
        "title" : "Untitled",
        "transform" : [
          0.9999869,
          -2.9252356e-09,
          0.005131913,
          0,
          0.0025188944,
          0.8712572,
          -0.49082038,
          0,
          -0.0044712294,
          0.4908268,
          0.8712457,
          0,
          -0.0031584343,
          0.34671545,
          0.6154398,
          1
        ]
      },
      {
        "date" : 775282192.283581,
        "title" : "Untitled",
        "transform" : [
          0.9999869,
          -2.9252356e-09,
          0.005131913,
          0,
          0.0025188944,
          0.8712572,
          -0.49082038,
          0,
          -0.0044712294,
          0.4908268,
          0.8712457,
          0,
          -0.004965587,
          0.54509467,
          0.96757424,
          1
        ]
      }
    ],
    "1F5D6883-F6F6-4FE3-BDF3-13ABC3B40E5B" : [
      {
        "date" : 775293128.877601,
        "title" : "Untitled",
        "transform" : [
          0.9990345,
          2.83239e-10,
          -0.043931168,
          0,
          -0.021452963,
          0.8726583,
          -0.48785987,
          0,
          0.038336895,
          0.48833132,
          0.8718158,
          0,
          0.09067051,
          1.1549512,
          2.06193,
          1
        ]
      },
      {
        "date" : 775293055.464334,
        "title" : "Untitled",
        "transform" : [
          0.9990345,
          2.83239e-10,
          -0.043931168,
          0,
          -0.021452963,
          0.8726583,
          -0.48785987,
          0,
          0.038336895,
          0.48833132,
          0.8718158,
          0,
          0.056521095,
          0.7199596,
          1.285341,
          1
        ]
      },
      {
        "date" : 775292907.441158,
        "title" : "Untitled",
        "transform" : [
          0.9990345,
          2.83239e-10,
          -0.043931168,
          0,
          -0.021452965,
          0.87265843,
          -0.48785993,
          0,
          0.0383369,
          0.48833138,
          0.8718159,
          0,
          0.028959332,
          0.36888087,
          0.6585615,
          1
        ]
      },
      {
        "date" : 775292900.78047,
        "title" : "Untitled",
        "transform" : [
          1,
          0,
          0,
          0,
          0,
          0.7071069,
          -0.70710677,
          0,
          0,
          0.70710677,
          0.7071069,
          0,
          0,
          0.5341418,
          0.53414184,
          1
        ]
      },
      {
        "date" : 775292896.183294,
        "title" : "Untitled",
        "transform" : [
          1,
          0,
          0,
          0,
          0,
          0.7071069,
          -0.70710677,
          0,
          0,
          0.70710677,
          0.7071069,
          0,
          0,
          0.76499,
          0.76499003,
          1
        ]
      },
      {
        "date" : 775292893.095575,
        "title" : "Untitled",
        "transform" : [
          1,
          0,
          0,
          0,
          0,
          0.7071069,
          -0.70710677,
          0,
          0,
          0.70710677,
          0.7071069,
          0,
          0,
          1.1764879,
          1.176488,
          1
        ]
      }
    ],
    "4B1BB365-35BB-4DC9-A920-3D594AED5F85" : [
      {
        "date" : 775279387.619526,
        "title" : "Untitled",
        "transform" : [
          0.09280009,
          6.2501724e-09,
          -0.99568474,
          0,
          -0.78829324,
          0.61089754,
          -0.07347066,
          0,
          0.6082612,
          0.7917097,
          0.05669139,
          0,
          0.68485975,
          1.7634728,
          0.10118409,
          1
        ]
      },
      {
        "date" : 775279379.019171,
        "title" : "Untitled",
        "transform" : [
          0.09280009,
          6.2501724e-09,
          -0.99568474,
          0,
          -0.78829324,
          0.61089754,
          -0.07347066,
          0,
          0.6082612,
          0.7917097,
          0.05669139,
          0,
          0.70511484,
          1.8156285,
          0.10417667,
          1
        ]
      },
      {
        "date" : 775279347.12025,
        "title" : "Untitled",
        "transform" : [
          0.09280009,
          6.2501724e-09,
          -0.99568474,
          0,
          -0.78829324,
          0.61089754,
          -0.07347066,
          0,
          0.6082612,
          0.7917097,
          0.05669139,
          0,
          0.4131143,
          1.0637447,
          0.061035268,
          1
        ]
      },
      {
        "date" : 775279339.022804,
        "title" : "Untitled",
        "transform" : [
          0.9969856,
          5.3420175e-09,
          -0.07758817,
          0,
          -0.03277519,
          0.9063982,
          -0.42115092,
          0,
          0.07032571,
          0.42242435,
          0.9036657,
          0,
          0.04429624,
          0.7531401,
          0.8583468,
          1
        ]
      },
      {
        "date" : 775279307.191412,
        "title" : "Untitled",
        "transform" : [
          0.9442102,
          5.1616187e-09,
          -0.3293436,
          0,
          -0.18400346,
          0.8293716,
          -0.52752775,
          0,
          0.27314812,
          0.5586974,
          0.783101,
          0,
          0.21961235,
          0.8779952,
          0.6977366,
          1
        ]
      },
      {
        "date" : 775279301.440777,
        "title" : "Untitled",
        "transform" : [
          0.9953858,
          3.7721613e-09,
          -0.0959535,
          0,
          -0.043368276,
          0.8920325,
          -0.44988585,
          0,
          0.085593574,
          0.45197126,
          0.88791645,
          0,
          0.057693124,
          0.780958,
          0.8322966,
          1
        ]
      },
      {
        "date" : 775279285.573927,
        "title" : "Untitled",
        "transform" : [
          0.041805696,
          2.324129e-09,
          0.9991258,
          0,
          0.44493872,
          0.8953675,
          -0.018617284,
          0,
          -0.8945848,
          0.44532803,
          0.03743144,
          0,
          -0.83997786,
          0.774737,
          0.012692166,
          1
        ]
      },
      {
        "date" : 775279199.717714,
        "title" : "Untitled",
        "transform" : [
          0.20697425,
          2.3742304e-09,
          0.9783464,
          0,
          0.60991,
          0.78189594,
          -0.12902966,
          0,
          -0.764965,
          0.6234089,
          0.1618323,
          0,
          -0.99232215,
          1.4283109,
          0.17485587,
          1
        ]
      },
      {
        "date" : 775279179.846112,
        "title" : "Untitled",
        "transform" : [
          0.14459567,
          3.3267513e-09,
          0.98949087,
          0,
          0.43857238,
          0.8964078,
          -0.06408921,
          0,
          -0.8869874,
          0.44323027,
          0.12961665,
          0,
          -1.2786962,
          1.1820015,
          0.15217763,
          1
        ]
      },
      {
        "date" : 775279103.355202,
        "title" : "Untitled",
        "transform" : [
          0.08464042,
          4.6937876e-10,
          0.9964116,
          0,
          0.8130674,
          0.5780583,
          -0.06906622,
          0,
          -0.5759841,
          0.81599545,
          0.04892706,
          0,
          -0.5717054,
          1.6517575,
          0.014124526,
          1
        ]
      }
    ],
    "58F5322D-0220-4D38-A2AD-6D51FB73012B" : [
      {
        "date" : 775208392.328376,
        "title" : "Untitled",
        "transform" : [
          1,
          0,
          0,
          0,
          0,
          0.7071069,
          -0.70710677,
          0,
          0,
          0.70710677,
          0.7071069,
          0,
          0,
          14.90688,
          14.906883,
          1
        ]
      }
    ],
    "65735B29-75C2-425C-92B7-EA81BD2AE985" : [
      {
        "date" : 775278036.828276,
        "title" : "Untitled",
        "transform" : [
          0.99611014,
          3.0703265e-10,
          -0.08811718,
          0,
          -0.01760493,
          0.9798387,
          -0.1990128,
          0,
          0.08634063,
          0.19978994,
          0.97602737,
          0,
          0.41120067,
          1.2674621,
          3.9920728,
          1
        ]
      },
      {
        "date" : 775210103.355291,
        "title" : "Untitled",
        "transform" : [
          0.99611014,
          3.0703265e-10,
          -0.08811718,
          0,
          -0.01760493,
          0.9798387,
          -0.1990128,
          0,
          0.08634063,
          0.19978994,
          0.97602737,
          0,
          0.5771449,
          1.7789595,
          5.6031146,
          1
        ]
      },
      {
        "date" : 775210102.163664,
        "title" : "Untitled",
        "transform" : [
          0.99611014,
          3.0703265e-10,
          -0.08811718,
          0,
          -0.01760493,
          0.9798387,
          -0.1990128,
          0,
          0.08634063,
          0.19978994,
          0.97602737,
          0,
          0.44422486,
          1.2991245,
          4.4511003,
          1
        ]
      },
      {
        "date" : 775210080.523002,
        "title" : "Untitled",
        "transform" : [
          0.9972058,
          3.0703265e-10,
          -0.07470371,
          0,
          -0.014925052,
          0.9798387,
          -0.1992317,
          0,
          0.07319758,
          0.19978994,
          0.9771009,
          0,
          0.2587622,
          0.7861456,
          3.2242203,
          1
        ]
      },
      {
        "date" : 775210079.339769,
        "title" : "Untitled",
        "transform" : [
          0.9972058,
          3.0703265e-10,
          -0.07470371,
          0,
          -0.014925052,
          0.9798387,
          -0.1992317,
          0,
          0.07319758,
          0.19978994,
          0.9771009,
          0,
          0.25911003,
          0.78756726,
          3.2276385,
          1
        ]
      },
      {
        "date" : 775209435.401548,
        "title" : "Untitled",
        "transform" : [
          0.9972058,
          3.0703265e-10,
          -0.07470371,
          0,
          -0.014925052,
          0.9798387,
          -0.1992317,
          0,
          0.07319758,
          0.19978994,
          0.9771009,
          0,
          0.31025037,
          0.99657923,
          3.7301795,
          1
        ]
      },
      {
        "date" : 775209390.554927,
        "title" : "Untitled",
        "transform" : [
          0.9972057,
          3.0703262e-10,
          -0.0747037,
          0,
          -0.014925052,
          0.9798387,
          -0.1992317,
          0,
          0.07319758,
          0.19978994,
          0.9771009,
          0,
          0.30408219,
          0.9767659,
          3.6560185,
          1
        ]
      },
      {
        "date" : 775209315.691268,
        "title" : "Untitled",
        "transform" : [
          0.9969352,
          7.0855766e-11,
          -0.07823089,
          0,
          -0.028535992,
          0.9310992,
          -0.36364833,
          0,
          0.07284072,
          0.36476624,
          0.9282456,
          0,
          0.43221655,
          2.294782,
          4.952747,
          1
        ]
      },
      {
        "date" : 775209222.046063,
        "title" : "Untitled",
        "transform" : [
          0.99709195,
          7.0855766e-11,
          -0.07620753,
          0,
          -0.02779794,
          0.9310992,
          -0.3637055,
          0,
          0.070956774,
          0.36476624,
          0.9283915,
          0,
          0.27087596,
          1.4176589,
          3.428973,
          1
        ]
      },
      {
        "date" : 775209190.220262,
        "title" : "Untitled",
        "transform" : [
          0.99709195,
          7.0855766e-11,
          -0.07620753,
          0,
          -0.02779794,
          0.9310992,
          -0.3637055,
          0,
          0.070956774,
          0.36476624,
          0.9283915,
          0,
          0.2926444,
          1.5315865,
          3.7045362,
          1
        ]
      }
    ],
    "75B4FBB0-D50A-429A-A000-378A9E66F14F" : [
      {
        "date" : 775295370.538266,
        "title" : "Untitled",
        "transform" : [
          0.8696485,
          -1.5165718e-09,
          -0.49367142,
          0,
          -0.19105113,
          0.9220795,
          -0.33655447,
          0,
          0.45520428,
          0.3870006,
          0.801885,
          0,
          0.94325626,
          1.0518118,
          1.8926275,
          1
        ]
      },
      {
        "date" : 775295347.452554,
        "title" : "Untitled",
        "transform" : [
          -0.0369243,
          -3.5085015e-09,
          -0.99931806,
          0,
          -0.13990359,
          0.9901517,
          0.005169376,
          0,
          0.9894765,
          0.13999908,
          -0.036560643,
          0,
          0.6557063,
          0.24741386,
          0.083650574,
          1
        ]
      },
      {
        "date" : 775295260.832556,
        "title" : "Untitled",
        "transform" : [
          0.57488465,
          -3.305983e-09,
          -0.8182344,
          0,
          -0.4026171,
          0.8705636,
          -0.2828754,
          0,
          0.7123251,
          0.49205586,
          0.5004737,
          0,
          0.56799805,
          0.7368672,
          0.6049484,
          1
        ]
      },
      {
        "date" : 775295259.30914,
        "title" : "Untitled",
        "transform" : [
          0.57488465,
          -3.305983e-09,
          -0.8182344,
          0,
          -0.4026171,
          0.8705636,
          -0.2828754,
          0,
          0.7123251,
          0.49205586,
          0.5004737,
          0,
          0.5698577,
          0.7392889,
          0.6069366,
          1
        ]
      },
      {
        "date" : 775295256.507576,
        "title" : "Untitled",
        "transform" : [
          0.57488465,
          -3.305983e-09,
          -0.8182344,
          0,
          -0.4026171,
          0.8705636,
          -0.2828754,
          0,
          0.7123251,
          0.49205586,
          0.5004737,
          0,
          0.57124317,
          0.7410931,
          0.60841775,
          1
        ]
      },
      {
        "date" : 775295251.044569,
        "title" : "Untitled",
        "transform" : [
          0.57488465,
          -3.305983e-09,
          -0.8182344,
          0,
          -0.4026171,
          0.8705636,
          -0.2828754,
          0,
          0.7123251,
          0.49205586,
          0.5004737,
          0,
          0.27933747,
          0.36096355,
          0.29634148,
          1
        ]
      },
      {
        "date" : 775295247.460507,
        "title" : "Untitled",
        "transform" : [
          0.967937,
          6.410904e-09,
          -0.25119308,
          0,
          -0.022224225,
          0.9960785,
          -0.08563783,
          0,
          0.25020805,
          0.08847455,
          0.9641412,
          0,
          0.05000075,
          0.16465276,
          0.5153114,
          1
        ]
      },
      {
        "date" : 775295245.882825,
        "title" : "Untitled",
        "transform" : [
          0.41839236,
          3.8661177e-10,
          -0.90826637,
          0,
          -0.60560703,
          0.74526143,
          -0.2789725,
          0,
          0.6768959,
          0.6667724,
          0.31181166,
          0,
          0.2780644,
          0.42717227,
          0.26027763,
          1
        ]
      },
      {
        "date" : 775295236.826522,
        "title" : "Untitled",
        "transform" : [
          0.41839236,
          3.8661177e-10,
          -0.90826637,
          0,
          -0.60560703,
          0.74526143,
          -0.2789725,
          0,
          0.6768959,
          0.6667724,
          0.31181166,
          0,
          1.1498165,
          1.0810272,
          0.5459589,
          1
        ]
      }
    ],
    "80B4079B-0940-490B-B008-C8E2EE559859" : [
      {
        "date" : 775289301.752428,
        "title" : "Untitled",
        "transform" : [
          0.9999969,
          3.5880648e-10,
          -0.0024663159,
          0,
          -0.0013179448,
          0.8452458,
          -0.534376,
          0,
          0.002084643,
          0.53437775,
          0.8452432,
          0,
          0.001104971,
          0.28324804,
          0.44802296,
          1
        ]
      },
      {
        "date" : 775289201.144267,
        "title" : "Untitled",
        "transform" : [
          1,
          0,
          0,
          0,
          0,
          0.7071069,
          -0.70710677,
          0,
          0,
          0.70710677,
          0.7071069,
          0,
          0,
          0.6022396,
          0.60223967,
          1
        ]
      }
    ],
    "8DE39347-DD0D-4B1A-9CD5-D7D5FB312080" : [
      {
        "date" : 775208515.970818,
        "title" : "Untitled",
        "transform" : [
          0.9999984,
          -1.2878587e-11,
          0.0017936855,
          0,
          0.00093517185,
          0.8533314,
          -0.5213681,
          0,
          -0.001530608,
          0.5213689,
          0.85332996,
          0,
          -0.00021655532,
          0.06883955,
          0.12784314,
          1
        ]
