{
  "advancedEditorSelectedIdentifier" : "ProjectBrowser",
  "openSceneRelativePaths" : [
    "Scene.usda",
    "CloudChunk.usda"
  ],
  "recentIdentifiers" : {
    "04CE3202-CEA9-4BF3-9159-873F0B7DB687" : [

    ],
    "99FA4461-2B73-458B-BBA0-3DA3337862E2" : [

    ],
    "F4762315-832E-41D1-9BAC-90989898ACD1" : [

    ]
  },
  "sceneCameraHistory" : {
    "04CE3202-CEA9-4BF3-9159-873F0B7DB687" : [
      {
        "date" : 774956016.150338,
        "title" : "Untitled",
        "transform" : [
          0.98140675,
          6.8559604e-07,
          0.19193965,
          0,
          0.09656254,
          0.86423343,
          -0.49373704,
          0,
          -0.16588101,
          0.50309104,
          0.8481645,
          0,
          -1.5287257,
          8.083477,
          66.59241,
          1
        ]
      },
      {
        "date" : 774955776.767322,
        "title" : "Untitled",
        "transform" : [
          0.98140675,
          6.8559604e-07,
          0.19193965,
          0,
          0.09656254,
          0.86423343,
          -0.49373704,
          0,
          -0.16588101,
          0.50309104,
          0.8481645,
          0,
          -0.29501525,
          0.85565996,
          72.94623,
          1
        ]
      },
      {
        "date" : 774955773.027364,
        "title" : "Untitled",
        "transform" : [
          0.98140675,
          6.8559604e-07,
          0.19193965,
          0,
          0.09656254,
          0.86423343,
          -0.49373704,
          0,
          -0.16588101,
          0.50309104,
          0.8481645,
          0,
          -0.32760733,
          0.28106138,
          96.49652,
          1
        ]
      },
      {
        "date" : 774955770.47509,
        "title" : "Untitled",
        "transform" : [
          0.98140675,
          6.8559604e-07,
          0.19193965,
          0,
          0.09656254,
          0.86423343,
          -0.49373704,
          0,
          -0.16588101,
          0.50309104,
          0.8481645,
          0,
          -0.1155803,
          0.22225893,
          72.12362,
          1
        ]
      },
      {
        "date" : 774955767.167097,
        "title" : "Untitled",
        "transform" : [
          0.98140675,
          6.8559604e-07,
          0.19193965,
          0,
          0.09656254,
          0.86423343,
          -0.49373704,
          0,
          -0.16588101,
          0.50309104,
          0.8481645,
          0,
          1.9721985,
          0.43667603,
          72.404755,
          1
        ]
      },
      {
        "date" : 774955764.788239,
        "title" : "Untitled",
        "transform" : [
          0.98140675,
          6.820097e-07,
          0.19193965,
          0,
          0.09656254,
          0.86423343,
          -0.49373704,
          0,
          -0.165881,
          0.503091,
          0.84816444,
          0,
          -142.88226,
          323.35712,
          495.81775,
          1
        ]
      },
      {
        "date" : 774955763.667371,
        "title" : "Untitled",
        "transform" : [
          0.98140675,
          6.820097e-07,
          0.19193965,
          0,
          0.09656254,
          0.86423343,
          -0.49373704,
          0,
          -0.165881,
          0.503091,
          0.84816444,
          0,
          -116.23291,
          356.6573,
          481.27768,
          1
        ]
      },
      {
        "date" : 774955761.020319,
        "title" : "Untitled",
        "transform" : [
          0.98140675,
          6.835668e-07,
          0.1919397,
          0,
          0.096524514,
          0.8643488,
          -0.49354252,
          0,
          -0.16590318,
          0.5028928,
          0.8482776,
          0,
          0.23177591,
          0.85619366,
          71.95538,
          1
        ]
      },
      {
        "date" : 774955758.136164,
        "title" : "Untitled",
        "transform" : [
          0.98140675,
          6.872921e-07,
          0.1919397,
          0,
          0.09652451,
          0.8643488,
          -0.49354252,
          0,
          -0.16590318,
          0.5028928,
          0.8482776,
          0,
          1.0078557,
          0.85439605,
          71.89075,
          1
        ]
      },
      {
        "date" : 774955756.019886,
        "title" : "Untitled",
        "transform" : [
          0.98140675,
          6.9101736e-07,
          0.1919397,
          0,
          0.09652451,
          0.8643488,
          -0.49354252,
          0,
          -0.16590318,
          0.5028928,
          0.8482776,
          0,
          1.4265532,
          0.2760803,
          72.39293,
          1
        ]
      }
    ],
    "99FA4461-2B73-458B-BBA0-3DA3337862E2" : [
      {
        "date" : 774861077.62534,
        "title" : "Untitled",
        "transform" : [
          0.9998234,
          2.279239e-08,
          -0.018790878,
          0,
          -0.0031094153,
          0.9862142,
          -0.1654443,
          0,
          0.01853183,
          0.1654735,
          0.98604006,
          0,
          0.0042499527,
          0.09178703,
          0.148907,
          1
        ]
      },
      {
        "date" : 774860885.541698,
        "title" : "Untitled",
        "transform" : [
          0.9998235,
          2.3024999e-08,
          -0.01879088,
          0,
          -0.0031094113,
          0.9862142,
          -0.16544427,
          0,
          0.018531952,
          0.16547346,
          0.9860401,
          0,
          0.0065273163,
          0.18316065,
          0.7078273,
          1
        ]
      },
      {
        "date" : 774860012.458631,
        "title" : "Untitled",
        "transform" : [
          0.9986675,
          2.2837082e-08,
          -0.051607758,
          0,
          -0.012304814,
          0.9711599,
          -0.23811147,
          0,
          0.050119497,
          0.23842917,
          0.96986574,
          0,
          0.02923314,
          0.23553912,
          0.69699776,
          1
        ]
      },
      {
        "date" : 774785015.665349,
        "title" : "Untitled",
        "transform" : [
          0.92632747,
          2.2698593e-08,
          -0.37671903,
          0,
          -0.16474406,
          0.8993095,
          -0.40509483,
          0,
          0.3387871,
          0.4373127,
          0.83305514,
          0,
          0.17690404,
          0.28746283,
          0.44871262,
          1
        ]
      },
      {
        "date" : 774785013.722558,
        "title" : "Untitled",
        "transform" : [
          0.99996346,
          2.4259347e-08,
          -0.008545193,
          0,
          -0.001264128,
          0.98899764,
          -0.14792617,
          0,
          0.008451254,
          0.14793153,
          0.9889615,
          0,
          -0.000573669,
          0.1332796,
          0.5244116,
          1
        ]
      },
      {
        "date" : 774785010.780519,
        "title" : "Untitled",
        "transform" : [
          0.836859,
          2.4266647e-08,
          -0.54741853,
          0,
          -0.06383584,
          0.9931776,
          -0.09758816,
          0,
          0.5436838,
          0.11661243,
          0.83114946,
          0,
          0.09224826,
          0.085813224,
          0.14254749,
          1
        ]
      },
      {
        "date" : 774785007.648752,
        "title" : "Untitled",
        "transform" : [
          0.836859,
          1.5493098e-08,
          -0.54741865,
          0,
          -0.06383586,
          0.9931776,
          -0.09758816,
          0,
          0.54368377,
          0.11661256,
          0.8311495,
          0,
          0.24613516,
          0.16192737,
          0.49252787,
          1
        ]
      },
      {
        "date" : 774766041.238042,
        "title" : "Untitled",
        "transform" : [
          0.836859,
          1.5493098e-08,
          -0.54741865,
          0,
          -0.06383586,
          0.9931776,
          -0.09758816,
          0,
          0.54368377,
          0.11661256,
          0.8311495,
          0,
          0.46603122,
          0.30659255,
          0.9325501,
          1
        ]
      },
      {
        "date" : 774763832.184487,
        "title" : "Untitled",
        "transform" : [
          0.84058267,
          3.774241e-08,
          -0.54168344,
          0,
          -0.38435796,
          0.7046431,
          -0.59644544,
          0,
          0.38169336,
          0.70956206,
          0.5923107,
          0,
          0.2342955,
          0.8846011,
          0.58602047,
          1
        ]
      },
      {
        "date" : 774763761.911658,
        "title" : "Untitled",
        "transform" : [
          0.9144378,
          2.4955751e-08,
          -0.40472662,
          0,
          -0.14208992,
          0.9363469,
          -0.32103738,
          0,
          0.37896442,
          0.35107636,
          0.856231,
          0,
          0.25503862,
          0.55250263,
          0.8736682,
          1
        ]
      }
    ],
    "F4762315-832E-41D1-9BAC-90989898ACD1" : [
      {
        "date" : 774420418.77351,
        "title" : "Untitled",
        "transform" : [
          0.0963122,
          0.009423413,
          0.99530655,
          0,
          0.5028135,
          0.8625253,
          -0.056821693,
          0,
          -0.85901254,
          0.5059262,
          0.07833349,
          0,
          -82.098915,
          15.724033,
          -53.013947,
          1
        ]
      },
      {
        "date" : 774420415.316287,
        "title" : "Untitled",
        "transform" : [
          0.0963122,
          0.009423413,
          0.99530655,
          0,
          0.5028135,
          0.8625253,
          -0.056821693,
          0,
          -0.85901254,
          0.5059262,
          0.07833349,
          0,
          -56.386734,
          57.357826,
          -39.948452,
          1
        ]
      },
      {
        "date" : 774420414.067698,
        "title" : "Untitled",
        "transform" : [
          0.0963122,
          0.009423413,
          0.99530655,
          0,
          0.5028135,
          0.8625253,
          -0.056821693,
          0,
          -0.85901254,
          0.5059262,
          0.07833349,
          0,
          -69.16001,
          34.245216,
          -30.746063,
          1
        ]
      },
      {
        "date" : 774420122.698063,
        "title" : "Untitled",
        "transform" : [
          0.0963122,
          0.009423413,
          0.99530655,
          0,
          0.5028135,
          0.8625253,
          -0.056821693,
          0,
          -0.85901254,
          0.5059262,
          0.07833349,
          0,
          -31.688004,
          12.337542,
          31.98603,
          1
        ]
      },
      {
        "date" : 774420116.155118,
        "title" : "Untitled",
        "transform" : [
          0.53529376,
          0.009423385,
          0.8446134,
          0,
          -0.009205039,
          0.9999435,
          -0.00532248,
          0,
          -0.8446159,
          -0.0049255,
          0.53535026,
          0,
          -56.685898,
          23.360231,
          27.939547,
          1
        ]
      },
      {
        "date" : 774420111.522081,
        "title" : "Untitled",
        "transform" : [
          -0.16322431,
          0.009423402,
          0.98654395,
          0,
          0.28185892,
          0.95872366,
          0.037476104,
          0,
          -0.9454698,
          0.2841832,
          -0.15914309,
          0,
          -65.74542,
          41.55353,
          -15.212923,
          1
        ]
      },
      {
        "date" : 774419876.164162,
        "title" : "Untitled",
        "transform" : [
          0.57996583,
          0.0094234,
          0.81458616,
          0,
          -0.22346535,
          0.9634168,
          0.14795691,
          0,
          -0.78339183,
          -0.26784173,
          0.5608547,
          0,
          -69.23809,
          1.6751337,
          40.317085,
          1
        ]
      },
      {
        "date" : 774385747.333906,
        "title" : "Untitled",
        "transform" : [
          0.97781515,
          0.009423406,
          0.20925722,
          0,
          0.049489018,
          0.9603137,
          -0.27449718,
          0,
          -0.20353928,
          0.27876344,
          0.93854284,
          0,
          -23.03223,
          41.197113,
          61.113667,
          1
        ]
      },
      {
        "date" : 774385646.478735,
        "title" : "Untitled",
        "transform" : [
          0.9982857,
          0.009423407,
          -0.057767745,
          0,
          -0.025941567,
          0.9559578,
          -0.2923559,
          0,
          0.052468482,
          0.29335326,
          0.9545633,
          0,
          -6.3071384,
          42.154842,
          63.2119,
          1
        ]
      },
      {
        "date" : 774385638.865325,
        "title" : "Untitled",
        "transform" : [
          0.88031286,
          0.009423407,
          0.4743,
          0,
          -0.050930902,
          0.99590147,
          0.074742496,
          0,
          -0.4716518,
          -0.089953266,
          0.87718475,
          0,
          -67.73688,
          -2.9211178,
          53.185112,
          1
        ]
      }
    ]
  },
  "sceneViewportBackgroundColors" : {

  },
  "selectedSceneRelativePath" : "Scene.usda"
}