{
  "advancedEditorSelectedIdentifier" : "ProjectBrowser",
  "openSceneRelativePaths" : [
    "Scene.usda",
    "ShieldBubble.usda",
    "emmision\/emmision_afterEffect_speedUp.usda",
    "emmision\/emmision_afterEffect_slowDown.usda"
  ],
  "recentIdentifiers" : {
    "B6613891-0877-4625-883C-781989A64D0A" : [

    ],
    "C03681F5-C48D-4F4E-B0F2-AB057DC63D90" : [

    ],
    "E4B22B7A-362C-484F-AB0B-D6661FB85899" : [

    ]
  },
  "sceneCameraHistory" : {
    "3419AD33-FC01-4034-814B-B9FA509D7753" : [
      {
        "date" : 775045397.446711,
        "title" : "Untitled",
        "transform" : [
          1,
          0,
          0,
          0,
          0,
          0.7071069,
          -0.70710677,
          0,
          0,
          0.70710677,
          0.7071069,
          0,
          0,
          8.357432,
          8.357433,
          1
        ]
      }
    ],
    "799C7647-6086-4AB2-A441-2F894CE4B566" : [
      {
        "date" : 775297202.685863,
        "title" : "Untitled",
        "transform" : [
          1,
          0,
          0,
          0,
          0,
          0.7071069,
          -0.70710677,
          0,
          0,
          0.70710677,
          0.7071069,
          0,
          0.24235341,
          0.97607476,
          1.2916116,
          1
        ]
      },
      {
        "date" : 775297201.596693,
        "title" : "Untitled",
        "transform" : [
          1,
          0,
          0,
          0,
          0,
          0.7071069,
          -0.70710677,
          0,
          0,
          0.70710677,
          0.7071069,
          0,
          0.18266504,
          0.7356807,
          0.973505,
          1
        ]
      }
    ],
    "B6613891-0877-4625-883C-781989A64D0A" : [
      {
        "date" : 775034708.763066,
        "title" : "Untitled",
        "transform" : [
          0.91384596,
          -2.3479592e-08,
          0.406061,
          0,
          0.3306185,
          0.58057195,
          -0.7440615,
          0,
          -0.23574762,
          0.8142089,
          0.53055334,
          0,
          1.62691,
          11.602455,
          18.14859,
          1
        ]
      },
      {
        "date" : 775034693.267012,
        "title" : "Untitled",
        "transform" : [
          0.91384596,
          -2.3479592e-08,
          0.406061,
          0,
          0.3306185,
          0.58057195,
          -0.7440615,
          0,
          -0.23574762,
          0.8142089,
          0.53055334,
          0,
          -7.8628983,
          89.10915,
          -105.01313,
          1
        ]
      },
      {
        "date" : 775034691.386949,
        "title" : "Untitled",
        "transform" : [
          0.91384596,
          -2.3479592e-08,
          0.406061,
          0,
          0.3306185,
          0.58057195,
          -0.7440615,
          0,
          -0.23574762,
          0.8142089,
          0.53055334,
          0,
          -10.43595,
          118.26921,
          -75.56584,
          1
        ]
      },
      {
        "date" : 775034678.19138,
        "title" : "Untitled",
        "transform" : [
          0.91384596,
          5.2427516e-09,
          0.406061,
          0,
          0.33061856,
          0.58057195,
          -0.7440616,
          0,
          -0.23574752,
          0.8142089,
          0.53055334,
          0,
          -0.66822815,
          6.6394296,
          97.485535,
          1
        ]
      },
      {
        "date" : 775034666.618753,
        "title" : "Untitled",
        "transform" : [
          0.9998341,
          -1.8400225e-08,
          -0.018210601,
          0,
          -0.008458336,
          0.8855866,
          -0.46439728,
          0,
          0.01612707,
          0.46447432,
          0.8854397,
          0,
          1.1508288,
          7.784223,
          99.24287,
          1
        ]
      },
      {
        "date" : 775034660.419041,
        "title" : "Untitled",
        "transform" : [
          -0.25943696,
          -1.8496799e-08,
          0.96576,
          0,
          0.58009815,
          0.7995008,
          0.1558347,
          0,
          -0.77212596,
          0.6006649,
          -0.20742007,
          0,
          -3.4233809,
          1.7437027,
          89.548416,
          1
        ]
      },
      {
        "date" : 775034658.792162,
        "title" : "Untitled",
        "transform" : [
          -0.25943702,
          -7.463807e-09,
          0.96576,
          0,
          0.58009815,
          0.79950094,
          0.15583466,
          0,
          -0.7721259,
          0.6006651,
          -0.20742008,
          0,
          -2.047718,
          4.827071,
          -206.28065,
          1
        ]
      },
      {
        "date" : 775034655.151632,
        "title" : "Untitled",
        "transform" : [
          -0.25943702,
          -7.463807e-09,
          0.96576,
          0,
          0.58009815,
          0.79950094,
          0.15583466,
          0,
          -0.7721259,
          0.6006651,
          -0.20742008,
          0,
          -16.066628,
          9.692893,
          -140.00407,
          1
        ]
      },
      {
        "date" : 775034615.622903,
        "title" : "Untitled",
        "transform" : [
          -0.25943702,
          -7.463807e-09,
          0.96576,
          0,
          0.5800981,
          0.7995008,
          0.15583465,
          0,
          -0.7721259,
          0.6006651,
          -0.20742008,
          0,
          -23.441456,
          10.079242,
          -111.43227,
          1
        ]
      },
      {
        "date" : 775034610.127037,
        "title" : "Untitled",
        "transform" : [
          0.62280095,
          -1.1418161e-08,
          0.7823803,
          0,
          0.5634408,
          0.69380563,
          -0.44851783,
          0,
          -0.54281974,
          0.7201624,
          0.43210277,
          0,
          -19.593044,
          12.084396,
          -100.7009,
          1
        ]
      }
    ],
    "C03681F5-C48D-4F4E-B0F2-AB057DC63D90" : [
      {
        "date" : 775044164.601458,
        "title" : "Untitled",
        "transform" : [
          0.9999585,
          -1.8078379e-07,
          -0.009108188,
          0,
          -0.00043739585,
          0.9988452,
          -0.04804129,
          0,
          0.009097648,
          0.048043262,
          0.9988039,
          0,
          -0.88521314,
          0.983239,
          63.524574,
          1
        ]
      },
      {
        "date" : 775044157.254709,
        "title" : "Untitled",
        "transform" : [
          0.9970003,
          -1.7973827e-07,
          0.07739804,
          0,
          -0.0020033927,
          0.9996649,
          0.025808956,
          0,
          -0.07737211,
          -0.025886595,
          0.9966662,
          0,
          -1.0800757,
          0.5627122,
          61.47526,
          1
        ]
      },
      {
        "date" : 775044149.966756,
        "title" : "Untitled",
        "transform" : [
          0.9839227,
          -1.7038259e-07,
          0.17859468,
          0,
          -0.007940924,
          0.999011,
          0.0437496,
          0,
          -0.17841798,
          -0.044464413,
          0.9829496,
          0,
          0.7664459,
          0.59120655,
          63.211063,
          1
        ]
      },
      {
        "date" : 775044146.301469,
        "title" : "Untitled",
        "transform" : [
          0.9926499,
          -1.7069608e-07,
          -0.12102129,
          0,
          0.0021049166,
          0.99984884,
          0.01726353,
          0,
          0.12100308,
          -0.017391358,
          0.9924998,
          0,
          1.7459204,
          0.67978793,
          63.24958,
          1
        ]
      },
      {
        "date" : 775044139.872212,
        "title" : "Untitled",
        "transform" : [
          0.9663069,
          -1.15153924e-07,
          -0.25739253,
          0,
          0.0505611,
          0.9805169,
          0.18981633,
          0,
          0.2523779,
          -0.19643486,
          0.9474802,
          0,
          2.5730398,
          12.368881,
          98.15476,
          1
        ]
      },
      {
        "date" : 775044136.539247,
        "title" : "Untitled",
        "transform" : [
          0.9663069,
          -1.15153924e-07,
          -0.25739253,
          0,
          0.0505611,
          0.9805169,
          0.18981633,
          0,
          0.2523779,
          -0.19643486,
          0.9474802,
          0,
          2.644587,
          12.4928665,
          98.16141,
          1
        ]
      },
      {
        "date" : 775044135.272405,
        "title" : "Untitled",
        "transform" : [
          0.96630704,
          -1.1515394e-07,
          -0.25739256,
          0,
          0.0505611,
          0.9805169,
          0.18981633,
          0,
          0.2523779,
          -0.19643486,
          0.9474802,
          0,
          2.6762922,
          12.468189,
          98.28044,
          1
        ]
      },
      {
        "date" : 775044132.100091,
        "title" : "Untitled",
        "transform" : [
          0.97807837,
          -1.1812223e-07,
          -0.20823748,
          0,
          0.08294952,
          0.91723794,
          0.38960752,
          0,
          0.19100349,
          -0.39833984,
          0.8971305,
          0,
          0.5417216,
          2.3423746,
          99.694984,
          1
        ]
      },
      {
        "date" : 775044129.817949,
        "title" : "Untitled",
        "transform" : [
          0.97807837,
          -1.1812223e-07,
          -0.20823748,
          0,
          0.08294952,
          0.91723794,
          0.38960752,
          0,
          0.19100349,
          -0.39833984,
          0.8971305,
          0,
          0.16905713,
          2.9850838,
          113.764755,
          1
        ]
      },
      {
        "date" : 775043181.137456,
        "title" : "Untitled",
        "transform" : [
          0.97807837,
          -1.1812223e-07,
          -0.20823748,
          0,
          0.08294952,
          0.91723794,
          0.38960752,
          0,
          0.19100349,
          -0.39833984,
          0.8971305,
          0,
          0.23322815,
          3.039751,
          113.8909,
          1
        ]
      }
    ],
    "D1EFCA2A-1F93-47DF-B6C0-FF87BC20E480" : [
      {
        "date" : 775335614.982191,
        "title" : "Untitled",
        "transform" : [
          0.9971673,
          -1.4810642e-09,
          0.07521632,
          0,
          0.057201054,
          0.6493529,
          -0.75833285,
          0,
          -0.04884199,
          0.7604872,
          0.6475134,
          0,
          -0.052470837,
          0.85046273,
          0.7241235,
          1
        ]
      },
      {
        "date" : 775334876.649101,
        "title" : "Untitled",
        "transform" : [
          0.9971673,
          -1.4810642e-09,
          0.07521632,
          0,
          0.057201054,
          0.6493529,
          -0.75833285,
          0,
          -0.04884199,
          0.7604872,
          0.6475134,
          0,
          -0.05200146,
          0.8431543,
          0.71790075,
          1
        ]
      },
      {
        "date" : 775334875.198941,
        "title" : "Untitled",
        "transform" : [
          0.9875799,
          -1.5914029e-09,
          0.15711781,
          0,
          0.10923036,
          0.7188037,
          -0.6865784,
          0,
          -0.1129369,
          0.6952131,
          0.709876,
          0,
          -0.12306374,
          0.7707847,
          0.7870423,
          1
        ]
      },
      {
        "date" : 775334859.741583,
        "title" : "Untitled",
        "transform" : [
          0.9628694,
          -1.6655003e-09,
          0.2699675,
          0,
          0.16420612,
          0.7937501,
          -0.5856595,
          0,
          -0.21428676,
          0.60824406,
          0.7642777,
          0,
          -0.23543075,
          0.6743618,
          0.8473577,
          1
        ]
      },
      {
        "date" : 775334856.391527,
        "title" : "Untitled",
        "transform" : [
          0.99699605,
          0,
          0.07745225,
          0,
          0.054767005,
          0.7071069,
          -0.7049826,
          0,
          -0.05476702,
          0.7071067,
          0.70498276,
          0,
          -0.058570646,
          0.78397125,
          0.7816172,
          1
        ]
      },
      {
        "date" : 775334334.292171,
        "title" : "Untitled",
        "transform" : [
          0.99699605,
          0,
          0.07745225,
          0,
          0.054767005,
          0.7071069,
          -0.7049826,
          0,
          -0.05476702,
          0.7071067,
          0.70498276,
          0,
          -0.18188839,
          2.3761525,
          2.3690174,
          1
        ]
      },
      {
        "date" : 775334322.805316,
        "title" : "Untitled",
        "transform" : [
          0.99699605,
          0,
          0.07745225,
          0,
          0.054767005,
          0.7071069,
          -0.7049826,
          0,
          -0.05476702,
          0.7071067,
          0.70498276,
          0,
          -0.07426805,
          0.98664385,
          0.9836811,
          1
        ]
      },
      {
        "date" : 775334319.998815,
        "title" : "Untitled",
        "transform" : [
          1,
          0,
          -0,
          0,
          -0,
          0.7071069,
          -0.7071067,
          0,
          0,
          0.7071067,
          0.7071069,
          0,
          0.002149582,
          0.10910177,
          0.10910189,
          1
        ]
      }
    ],
    "D7CBCD23-520A-4890-9974-98E68EDDAC4A" : [
      {
        "date" : 775469459.949499,
        "title" : "Untitled",
        "transform" : [
          -0.27568096,
          4.388542e-09,
          0.96124923,
          0,
          0.17649569,
          0.982999,
          0.050617963,
          0,
          -0.944907,
          0.18361071,
          -0.2709941,
          0,
          -1.3371851,
          0.69366074,
          -0.1609136,
          1
        ]
      },
      {
        "date" : 775469441.036407,
        "title" : "Untitled",
        "transform" : [
          -0.26304352,
          4.388542e-09,
          0.964784,
          0,
          0.17714472,
          0.982999,
          0.0482976,
          0,
          -0.9483818,
          0.18361072,
          -0.25857157,
          0,
          -0.6066391,
          0.392643,
          -0.0649378,
          1
        ]
      },
      {
        "date" : 775469432.072922,
        "title" : "Untitled",
        "transform" : [
          -0.9835961,
          5.026985e-09,
          0.18038514,
          0,
          0.024575895,
          0.9906757,
          0.13400626,
          0,
          -0.17870314,
          0.13624114,
          -0.9744247,
          0,
          -0.20602003,
          0.36345863,
          -0.5860735,
          1
        ]
      },
      {
        "date" : 775469412.737256,
        "title" : "Untitled",
        "transform" : [
          -0.9676029,
          5.0318603e-09,
          -0.25247693,
          0,
          -0.028465388,
          0.993624,
          0.109091975,
          0,
          0.25086716,
          0.112744525,
          -0.9614334,
          0,
          0.103230424,
          0.48324645,
          -1.030528,
          1
        ]
      },
      {
        "date" : 775469395.901329,
        "title" : "Untitled",
        "transform" : [
          -0.7224878,
          5.628719e-09,
          -0.69138354,
          0,
          -0.036160693,
          0.99863136,
          0.037787523,
          0,
          0.6904373,
          0.0523019,
          -0.72149897,
          0,
          0.6060182,
          0.42052877,
          -0.8651337,
          1
        ]
      },
      {
        "date" : 775469348.681836,
        "title" : "Untitled",
        "transform" : [
          -0.5483433,
          8.688872e-09,
          -0.8362532,
          0,
          -0.2203763,
          0.96465176,
          0.1445039,
          0,
          0.8066932,
          0.2635281,
          -0.5289603,
          0,
          0.70970166,
          0.63547057,
          -0.65704805,
          1
        ]
      },
      {
        "date" : 775469291.075071,
        "title" : "Untitled",
        "transform" : [
          0.34628847,
          1.2036313e-08,
          -0.93812805,
          0,
          -0.08502664,
          0.9958843,
          -0.03138563,
          0,
          0.9342669,
          0.090634316,
          0.34486333,
          0,
          1.0408005,
          0.45873928,
          0.21331719,
          1
        ]
      },
      {
        "date" : 775469262.53899,
        "title" : "Untitled",
        "transform" : [
          0.34628847,
          1.2036313e-08,
          -0.93812805,
          0,
          -0.08502664,
          0.9958843,
          -0.03138563,
          0,
          0.9342669,
          0.090634316,
          0.34486333,
          0,
          2.1234794,
          0.82304627,
          0.4352176,
          1
        ]
      },
      {
        "date" : 775469233.258529,
        "title" : "Untitled",
        "transform" : [
          0.34628847,
          1.2036313e-08,
          -0.93812805,
          0,
          -0.08502664,
          0.9958843,
          -0.03138563,
          0,
          0.9342669,
          0.090634316,
          0.34486333,
          0,
          0.87968314,
          0.40452552,
          0.18029541,
          1
        ]
      },
      {
        "date" : 775469229.235525,
        "title" : "Untitled",
        "transform" : [
          0.34628847,
          1.2036313e-08,
          -0.93812805,
          0,
          -0.08502664,
          0.9958843,
          -0.03138563,
          0,
          0.9342669,
          0.090634316,
          0.34486333,
          0,
          1.3093706,
          0.5491096,
          0.268362,
          1
        ]
      }
    ],
    "E4B22B7A-362C-484F-AB0B-D6661FB85899" : [
      {
        "date" : 775469528.014026,
        "title" : "Untitled",
        "transform" : [
          0.72794193,
          1.818707e-07,
          -0.68563855,
          0,
          0.02668547,
          0.9992423,
          0.028332304,
          0,
          0.6851191,
          -0.03892093,
          0.7273903,
          0,
          3.945904,
          1.0935061,
          92.19787,
          1
        ]
      },
      {
        "date" : 775469503.096444,
        "title" : "Untitled",
        "transform" : [
          0.30670676,
          1.5726208e-07,
          -0.951804,
          0,
          -0.65413004,
          0.72641844,
          -0.21078491,
          0,
          0.6914079,
          0.68725264,
          0.22279748,
          0,
          3.1829586,
          3.8113694,
          89.81236,
          1
        ]
      },
      {
        "date" : 775469497.829277,
        "title" : "Untitled",
        "transform" : [
          0.354717,
          1.5023156e-07,
          -0.9349737,
          0,
          -0.5241516,
          0.828083,
          -0.19885617,
          0,
          0.7742358,
          0.5606056,
          0.29373512,
          0,
          3.627621,
          3.3664303,
          90.11545,
          1
        ]
      },
      {
        "date" : 775469493.37909,
        "title" : "Untitled",
        "transform" : [
          0.354717,
          1.5023156e-07,
          -0.9349737,
          0,
          -0.5241516,
          0.828083,
          -0.19885617,
          0,
          0.7742359,
          0.56060565,
          0.29373515,
          0,
          3.7327492,
          2.6374426,
          91.22965,
          1
        ]
      },
      {
        "date" : 775469422.073782,
        "title" : "Untitled",
        "transform" : [
          0.282406,
          1.5011163e-07,
          -0.959295,
          0,
          -0.6253175,
          0.758347,
          -0.18408653,
          0,
          0.7274785,
          0.6518511,
          0.21416181,
          0,
          3.5832126,
          3.021285,
          90.910774,
          1
        ]
      },
      {
        "date" : 775469339.496588,
        "title" : "Untitled",
        "transform" : [
          0.876787,
          1.5050425e-07,
          -0.48087895,
          0,
          -0.27166325,
          0.82513857,
          -0.4953235,
          0,
          0.3967918,
          0.5649304,
          0.7234708,
          0,
          2.155736,
          2.6555123,
          93.02511,
          1
        ]
      },
      {
        "date" : 775468979.500832,
        "title" : "Untitled",
        "transform" : [
          0.99343586,
          1.5393113e-07,
          -0.11439026,
          0,
          -0.046095267,
          0.91521597,
          -0.4003186,
          0,
          0.10469174,
          0.40296373,
          0.90920836,
          0,
          0.5162506,
          0.75868654,
          90.14213,
          1
        ]
      },
      {
        "date" : 775468976.548942,
        "title" : "Untitled",
        "transform" : [
          0.9934359,
          1.511126e-07,
          -0.11439028,
          0,
          -0.046095274,
          0.91521597,
          -0.40031865,
          0,
          0.10469174,
          0.4029638,
          0.90920836,
          0,
          0.6158669,
          1.0081449,
          90.9671,
          1
        ]
      },
      {
        "date" : 775371029.168602,
        "title" : "Untitled",
        "transform" : [
          0.9934359,
          1.5339094e-07,
          -0.114390284,
          0,
          -0.046095278,
          0.9152159,
          -0.40031865,
          0,
          0.104691766,
          0.40296382,
          0.9092084,
          0,
          -2.3957133,
          5.1732903,
          -279.32047,
          1
        ]
      },
      {
        "date" : 775371020.22079,
        "title" : "Untitled",
        "transform" : [
          0.9934359,
          1.5339094e-07,
          -0.114390284,
          0,
          -0.046095278,
          0.9152159,
          -0.40031865,
          0,
          0.104691766,
          0.40296382,
          0.9092084,
          0,
          -0.21167876,
          9.147285,
          -281.33322,
          1
        ]
      }
    ]
  },
  "sceneViewportBackgroundColors" : {

  },
  "selectedSceneRelativePath" : "emmision\/emmision_afterEffect_slowDown.usda"
}