{
  "advancedEditorSelectedIdentifier" : "ProjectBrowser",
  "openSceneRelativePaths" : [
    "Scene.usda"
  ],
  "recentIdentifiers" : {
    "B6613891-0877-4625-883C-781989A64D0A" : [

    ],
    "C03681F5-C48D-4F4E-B0F2-AB057DC63D90" : [

    ]
  },
  "sceneCameraHistory" : {
    "B6613891-0877-4625-883C-781989A64D0A" : [
      {
        "date" : 775034708.763066,
        "title" : "Untitled",
        "transform" : [
          0.91384596,
          -2.3479592e-08,
          0.406061,
          0,
          0.3306185,
          0.58057195,
          -0.7440615,
          0,
          -0.23574762,
          0.8142089,
          0.53055334,
          0,
          1.62691,
          11.602455,
          18.14859,
          1
        ]
      },
      {
        "date" : 775034693.267012,
        "title" : "Untitled",
        "transform" : [
          0.91384596,
          -2.3479592e-08,
          0.406061,
          0,
          0.3306185,
          0.58057195,
          -0.7440615,
          0,
          -0.23574762,
          0.8142089,
          0.53055334,
          0,
          -7.8628983,
          89.10915,
          -105.01313,
          1
        ]
      },
      {
        "date" : 775034691.386949,
        "title" : "Untitled",
        "transform" : [
          0.91384596,
          -2.3479592e-08,
          0.406061,
          0,
          0.3306185,
          0.58057195,
          -0.7440615,
          0,
          -0.23574762,
          0.8142089,
          0.53055334,
          0,
          -10.43595,
          118.26921,
          -75.56584,
          1
        ]
      },
      {
        "date" : 775034678.19138,
        "title" : "Untitled",
        "transform" : [
          0.91384596,
          5.2427516e-09,
          0.406061,
          0,
          0.33061856,
          0.58057195,
          -0.7440616,
          0,
          -0.23574752,
          0.8142089,
          0.53055334,
          0,
          -0.66822815,
          6.6394296,
          97.485535,
          1
        ]
      },
      {
        "date" : 775034666.618753,
        "title" : "Untitled",
        "transform" : [
          0.9998341,
          -1.8400225e-08,
          -0.018210601,
          0,
          -0.008458336,
          0.8855866,
          -0.46439728,
          0,
          0.01612707,
          0.46447432,
          0.8854397,
          0,
          1.1508288,
          7.784223,
          99.24287,
          1
        ]
      },
      {
        "date" : 775034660.419041,
        "title" : "Untitled",
        "transform" : [
          -0.25943696,
          -1.8496799e-08,
          0.96576,
          0,
          0.58009815,
          0.7995008,
          0.1558347,
          0,
          -0.77212596,
          0.6006649,
          -0.20742007,
          0,
          -3.4233809,
          1.7437027,
          89.548416,
          1
        ]
      },
      {
        "date" : 775034658.792162,
        "title" : "Untitled",
        "transform" : [
          -0.25943702,
          -7.463807e-09,
          0.96576,
          0,
          0.58009815,
          0.79950094,
          0.15583466,
          0,
          -0.7721259,
          0.6006651,
          -0.20742008,
          0,
          -2.047718,
          4.827071,
          -206.28065,
          1
        ]
      },
      {
        "date" : 775034655.151632,
        "title" : "Untitled",
        "transform" : [
          -0.25943702,
          -7.463807e-09,
          0.96576,
          0,
          0.58009815,
          0.79950094,
          0.15583466,
          0,
          -0.7721259,
          0.6006651,
          -0.20742008,
          0,
          -16.066628,
          9.692893,
          -140.00407,
          1
        ]
      },
      {
        "date" : 775034615.622903,
        "title" : "Untitled",
        "transform" : [
          -0.25943702,
          -7.463807e-09,
          0.96576,
          0,
          0.5800981,
          0.7995008,
          0.15583465,
          0,
          -0.7721259,
          0.6006651,
          -0.20742008,
          0,
          -23.441456,
          10.079242,
          -111.43227,
          1
        ]
      },
      {
        "date" : 775034610.127037,
        "title" : "Untitled",
        "transform" : [
          0.62280095,
          -1.1418161e-08,
          0.7823803,
          0,
          0.5634408,
          0.69380563,
          -0.44851783,
          0,
          -0.54281974,
          0.7201624,
          0.43210277,
          0,
          -19.593044,
          12.084396,
          -100.7009,
          1
        ]
      }
    ],
    "C03681F5-C48D-4F4E-B0F2-AB057DC63D90" : [
      {
        "date" : 775043094.572066,
        "title" : "Untitled",
        "transform" : [
          0.97807837,
          -1.1812223e-07,
          -0.20823748,
          0,
          0.08294952,
          0.91723794,
          0.38960752,
          0,
          0.19100349,
          -0.39833984,
          0.8971305,
          0,
          0.2200881,
          3.0654297,
          113.9051,
          1
        ]
      },
      {
        "date" : 775043091.076903,
        "title" : "Untitled",
        "transform" : [
          0.98046285,
          -1.1864739e-07,
          -0.196705,
          0,
          0.08914907,
          0.89140326,
          0.44435635,
          0,
          0.17534363,
          -0.45321098,
          0.8739877,
          0,
          -0.36122334,
          -0.26266092,
          114.182755,
          1
        ]
      },
      {
        "date" : 775043081.068149,
        "title" : "Untitled",
        "transform" : [
          0.9974478,
          -1.1986926e-07,
          -0.071400575,
          0,
          0.012688611,
          0.9840835,
          0.17725301,
          0,
          0.070264325,
          -0.17770666,
          0.9815719,
          0,
          -1.7439351,
          2.2088118,
          66.070175,
          1
        ]
      },
      {
        "date" : 775043078.720428,
        "title" : "Untitled",
        "transform" : [
          0.9961914,
          -1.1729168e-07,
          0.08719394,
          0,
          -0.06565187,
          0.65808535,
          0.75007564,
          0,
          -0.057380915,
          -0.7529434,
          0.6555789,
          0,
          -2.658283,
          -1.8518434,
          65.44629,
          1
        ]
      },
      {
        "date" : 775043063.418991,
        "title" : "Untitled",
        "transform" : [
          0.9206475,
          -1.1878183e-07,
          -0.3903951,
          0,
          0.16955696,
          0.9007582,
          0.39985633,
          0,
          0.3516517,
          -0.43432102,
          0.82928056,
          0,
          0.42516434,
          0.56698614,
          66.627556,
          1
        ]
      },
      {
        "date" : 775043056.158324,
        "title" : "Untitled",
        "transform" : [
          0.79840165,
          -1.1927038e-07,
          -0.6021253,
          0,
          0.16024289,
          0.96393764,
          0.21247728,
          0,
          0.5804113,
          -0.26612863,
          0.7696093,
          0,
          2.0104542,
          1.5912526,
          66.59702,
          1
        ]
      },
      {
        "date" : 775043046.07631,
        "title" : "Untitled",
        "transform" : [
          0.93887347,
          -1.1977166e-07,
          -0.34426242,
          0,
          0.087860554,
          0.9668848,
          0.23961292,
          0,
          0.33286214,
          -0.2552134,
          0.90778244,
          0,
          0.016766071,
          1.662386,
          66.79912,
          1
        ]
      },
      {
        "date" : 775043044.19376,
        "title" : "Untitled",
        "transform" : [
          0.96033686,
          -1.1413585e-07,
          -0.27884233,
          0,
          -0.020472515,
          0.99730104,
          -0.07050835,
          0,
          0.27808982,
          0.07342029,
          0.957745,
          0,
          -0.6521815,
          3.7963865,
          66.168686,
          1
        ]
      },
      {
        "date" : 775043037.861075,
        "title" : "Untitled",
        "transform" : [
          0.96051496,
          -1.2361829e-07,
          -0.27822828,
          0,
          0.098976605,
          0.93458563,
          0.34169182,
          0,
          0.26002815,
          -0.3557383,
          0.89768344,
          0,
          0.11321068,
          1.285273,
          73.69613,
          1
        ]
      },
      {
        "date" : 775042544.246038,
        "title" : "Untitled",
        "transform" : [
          0.97169554,
          -1.1639853e-07,
          -0.23623674,
          0,
          0.061327398,
          0.96571606,
          0.25225285,
          0,
          0.22813764,
          -0.25960085,
          0.9383819,
          0,
          0.52294636,
          1.505006,
          66.18982,
          1
        ]
      }
    ]
  },
  "sceneViewportBackgroundColors" : {

  },
  "selectedSceneRelativePath" : "Scene.usda"
}