{
  "advancedEditorSelectedIdentifier" : "ProjectBrowser",
  "openSceneRelativePaths" : [
    "Scene.usda"
  ],
  "recentIdentifiers" : {
    "04CE3202-CEA9-4BF3-9159-873F0B7DB687" : [

    ],
    "F4762315-832E-41D1-9BAC-90989898ACD1" : [

    ]
  },
  "sceneCameraHistory" : {
    "04CE3202-CEA9-4BF3-9159-873F0B7DB687" : [
      {
        "date" : 774779227.856582,
        "title" : "Untitled",
        "transform" : [
          0.5429971,
          6.276447e-07,
          0.83973455,
          0,
          0.52658296,
          0.77895254,
          -0.34050468,
          0,
          -0.6541136,
          0.627083,
          0.42296857,
          0,
          -10.4411335,
          19.530264,
          -81.415344,
          1
        ]
      },
      {
        "date" : 774779155.457875,
        "title" : "Untitled",
        "transform" : [
          0.25584123,
          6.5884853e-07,
          0.9667188,
          0,
          0.01483535,
          0.99988216,
          -0.00392683,
          0,
          -0.966605,
          0.015346285,
          0.25581107,
          0,
          -23.02038,
          3.2335007,
          -83.98708,
          1
        ]
      },
      {
        "date" : 774779149.144864,
        "title" : "Untitled",
        "transform" : [
          0.9934305,
          6.567394e-07,
          0.11443681,
          0,
          0.06053057,
          0.8486542,
          -0.5254732,
          0,
          -0.097117625,
          0.528948,
          0.8430789,
          0,
          -1.8649935,
          15.534739,
          -70.30321,
          1
        ]
      },
      {
        "date" : 774779147.572278,
        "title" : "Untitled",
        "transform" : [
          0.9934305,
          6.542226e-07,
          0.114436835,
          0,
          0.06053057,
          0.8486542,
          -0.52547324,
          0,
          -0.09711761,
          0.528948,
          0.843079,
          0,
          10.795234,
          12.413596,
          -17.148373,
          1
        ]
      },
      {
        "date" : 774779138.365049,
        "title" : "Untitled",
        "transform" : [
          0.8238411,
          6.4180045e-07,
          0.56682086,
          0,
          0.2435431,
          0.9029879,
          -0.35397682,
          0,
          -0.51183254,
          0.4296659,
          0.7439184,
          0,
          0.21830451,
          0.9050135,
          70.87951,
          1
        ]
      },
      {
        "date" : 774779080.549937,
        "title" : "Untitled",
        "transform" : [
          0.98605627,
          6.6139654e-07,
          -0.16641207,
          0,
          0.0045501897,
          0.9996261,
          0.02696562,
          0,
          0.16634984,
          -0.027346822,
          0.98568755,
          0,
          0.8492787,
          0.34690452,
          70.906525,
          1
        ]
      },
      {
        "date" : 774779078.816139,
        "title" : "Untitled",
        "transform" : [
          0.98605627,
          6.6139654e-07,
          -0.16641207,
          0,
          0.0045501897,
          0.9996261,
          0.02696562,
          0,
          0.16634984,
          -0.027346822,
          0.98568755,
          0,
          0.87036276,
          0.36968708,
          70.903595,
          1
        ]
      },
      {
        "date" : 774779076.77067,
        "title" : "Untitled",
        "transform" : [
          0.9860563,
          6.6125585e-07,
          -0.16641207,
          0,
          0.004550197,
          0.99962604,
          0.026965616,
          0,
          0.16634987,
          -0.027346738,
          0.98568755,
          0,
          4.7803903,
          7.6031737,
          51.8044,
          1
        ]
      },
      {
        "date" : 774779001.108553,
        "title" : "Untitled",
        "transform" : [
          0.99131656,
          6.6132026e-07,
          0.13149709,
          0,
          0.057475023,
          0.8994194,
          -0.4332912,
          0,
          -0.118271306,
          0.43708667,
          0.8916093,
          0,
          -6.1870217,
          22.390343,
          -26.514635,
          1
        ]
      },
      {
        "date" : 774778998.382822,
        "title" : "Untitled",
        "transform" : [
          0.99131656,
          6.6132026e-07,
          0.13149709,
          0,
          0.057475023,
          0.8994194,
          -0.4332912,
          0,
          -0.118271306,
          0.43708667,
          0.8916093,
          0,
          -26.784206,
          63.57335,
          61.67441,
          1
        ]
      }
    ],
    "99FA4461-2B73-458B-BBA0-3DA3337862E2" : [
      {
        "date" : 774766041.238042,
        "title" : "Untitled",
        "transform" : [
          0.836859,
          1.5493098e-08,
          -0.54741865,
          0,
          -0.06383586,
          0.9931776,
          -0.09758816,
          0,
          0.54368377,
          0.11661256,
          0.8311495,
          0,
          0.46603122,
          0.30659255,
          0.9325501,
          1
        ]
      },
      {
        "date" : 774763832.184487,
        "title" : "Untitled",
        "transform" : [
          0.84058267,
          3.774241e-08,
          -0.54168344,
          0,
          -0.38435796,
          0.7046431,
          -0.59644544,
          0,
          0.38169336,
          0.70956206,
          0.5923107,
          0,
          0.2342955,
          0.8846011,
          0.58602047,
          1
        ]
      },
      {
        "date" : 774763761.911658,
        "title" : "Untitled",
        "transform" : [
          0.9144378,
          2.4955751e-08,
          -0.40472662,
          0,
          -0.14208992,
          0.9363469,
          -0.32103738,
          0,
          0.37896442,
          0.35107636,
          0.856231,
          0,
          0.25503862,
          0.55250263,
          0.8736682,
          1
        ]
      },
      {
        "date" : 774763745.713774,
        "title" : "Untitled",
        "transform" : [
          0.9144378,
          2.4955751e-08,
          -0.40472662,
          0,
          -0.14208992,
          0.9363469,
          -0.32103738,
          0,
          0.37896442,
          0.35107636,
          0.856231,
          0,
          0.38646263,
          0.44146788,
          0.8610274,
          1
        ]
      },
      {
        "date" : 774763740.494728,
        "title" : "Untitled",
        "transform" : [
          0.9144378,
          2.4955751e-08,
          -0.40472662,
          0,
          -0.14208992,
          0.9363469,
          -0.32103738,
          0,
          0.37896442,
          0.35107636,
          0.856231,
          0,
          0.18380398,
          0.24653473,
          0.40771517,
          1
        ]
      },
      {
        "date" : 774763706.953536,
        "title" : "Untitled",
        "transform" : [
          0.9144378,
          2.4955751e-08,
          -0.40472662,
          0,
          -0.14208992,
          0.9363469,
          -0.32103738,
          0,
          0.37896442,
          0.35107636,
          0.856231,
          0,
          0.18877244,
          0.21379367,
          0.41894087,
          1
        ]
      },
      {
        "date" : 774763618.416742,
        "title" : "Untitled",
        "transform" : [
          0.9144378,
          2.4955751e-08,
          -0.40472662,
          0,
          -0.14208992,
          0.9363469,
          -0.32103738,
          0,
          0.37896442,
          0.35107636,
          0.856231,
          0,
          0.18485826,
          0.23958644,
          0.41009763,
          1
        ]
      },
      {
        "date" : 774763348.126136,
        "title" : "Untitled",
        "transform" : [
          0.91567636,
          3.1155228e-08,
          -0.40191653,
          0,
          -0.056022245,
          0.9902379,
          -0.12763403,
          0,
          0.3979929,
          0.1393878,
          0.90673745,
          0,
          0.19398479,
          0.13803136,
          0.43432266,
          1
        ]
      },
      {
        "date" : 774763110.717817,
        "title" : "Untitled",
        "transform" : [
          0.9875979,
          3.137395e-08,
          -0.15700434,
          0,
          -0.008224163,
          0.9986272,
          -0.051732,
          0,
          0.15678877,
          0.0523817,
          0.98624206,
          0,
          0.07857069,
          0.09634321,
          0.47294995,
          1
        ]
      },
      {
        "date" : 774763107.961315,
        "title" : "Untitled",
        "transform" : [
          0.9906003,
          2.941172e-08,
          -0.13678856,
          0,
          0.039275132,
          0.9578938,
          0.28442416,
          0,
          0.1310289,
          -0.287123,
          0.94888985,
          0,
          0.14340317,
          -0.22661534,
          1.0179126,
          1
        ]
      }
    ],
    "F4762315-832E-41D1-9BAC-90989898ACD1" : [
      {
        "date" : 774420418.77351,
        "title" : "Untitled",
        "transform" : [
          0.0963122,
          0.009423413,
          0.99530655,
          0,
          0.5028135,
          0.8625253,
          -0.056821693,
          0,
          -0.85901254,
          0.5059262,
          0.07833349,
          0,
          -82.098915,
          15.724033,
          -53.013947,
          1
        ]
      },
      {
        "date" : 774420415.316287,
        "title" : "Untitled",
        "transform" : [
          0.0963122,
          0.009423413,
          0.99530655,
          0,
          0.5028135,
          0.8625253,
          -0.056821693,
          0,
          -0.85901254,
          0.5059262,
          0.07833349,
          0,
          -56.386734,
          57.357826,
          -39.948452,
          1
        ]
      },
      {
        "date" : 774420414.067698,
        "title" : "Untitled",
        "transform" : [
          0.0963122,
          0.009423413,
          0.99530655,
          0,
          0.5028135,
          0.8625253,
          -0.056821693,
          0,
          -0.85901254,
          0.5059262,
          0.07833349,
          0,
          -69.16001,
          34.245216,
          -30.746063,
          1
        ]
      },
      {
        "date" : 774420122.698063,
        "title" : "Untitled",
        "transform" : [
          0.0963122,
          0.009423413,
          0.99530655,
          0,
          0.5028135,
          0.8625253,
          -0.056821693,
          0,
          -0.85901254,
          0.5059262,
          0.07833349,
          0,
          -31.688004,
          12.337542,
          31.98603,
          1
        ]
      },
      {
        "date" : 774420116.155118,
        "title" : "Untitled",
        "transform" : [
          0.53529376,
          0.009423385,
          0.8446134,
          0,
          -0.009205039,
          0.9999435,
          -0.00532248,
          0,
          -0.8446159,
          -0.0049255,
          0.53535026,
          0,
          -56.685898,
          23.360231,
          27.939547,
          1
        ]
      },
      {
        "date" : 774420111.522081,
        "title" : "Untitled",
        "transform" : [
          -0.16322431,
          0.009423402,
          0.98654395,
          0,
          0.28185892,
          0.95872366,
          0.037476104,
          0,
          -0.9454698,
          0.2841832,
          -0.15914309,
          0,
          -65.74542,
          41.55353,
          -15.212923,
          1
        ]
      },
      {
        "date" : 774419876.164162,
        "title" : "Untitled",
        "transform" : [
          0.57996583,
          0.0094234,
          0.81458616,
          0,
          -0.22346535,
          0.9634168,
          0.14795691,
          0,
          -0.78339183,
          -0.26784173,
          0.5608547,
          0,
          -69.23809,
          1.6751337,
          40.317085,
          1
        ]
      },
      {
        "date" : 774385747.333906,
        "title" : "Untitled",
        "transform" : [
          0.97781515,
          0.009423406,
          0.20925722,
          0,
          0.049489018,
          0.9603137,
          -0.27449718,
          0,
          -0.20353928,
          0.27876344,
          0.93854284,
          0,
          -23.03223,
          41.197113,
          61.113667,
          1
        ]
      },
      {
        "date" : 774385646.478735,
        "title" : "Untitled",
        "transform" : [
          0.9982857,
          0.009423407,
          -0.057767745,
          0,
          -0.025941567,
          0.9559578,
          -0.2923559,
          0,
          0.052468482,
          0.29335326,
          0.9545633,
          0,
          -6.3071384,
          42.154842,
          63.2119,
          1
        ]
      },
      {
        "date" : 774385638.865325,
        "title" : "Untitled",
        "transform" : [
          0.88031286,
          0.009423407,
          0.4743,
          0,
          -0.050930902,
          0.99590147,
          0.074742496,
          0,
          -0.4716518,
          -0.089953266,
          0.87718475,
          0,
          -67.73688,
          -2.9211178,
          53.185112,
          1
        ]
      }
    ]
  },
  "sceneViewportBackgroundColors" : {

  },
  "selectedSceneRelativePath" : "Scene.usda"
}