{
  "advancedEditorSelectedIdentifier" : "ProjectBrowser",
  "openSceneRelativePaths" : [
    "Scene.usda",
    "ShieldBubble.usda"
  ],
  "recentIdentifiers" : {
    "6E20746C-80D1-4DB0-9DDD-5938033C8816" : [

    ],
    "B6613891-0877-4625-883C-781989A64D0A" : [

    ],
    "C03681F5-C48D-4F4E-B0F2-AB057DC63D90" : [

    ],
    "E4B22B7A-362C-484F-AB0B-D6661FB85899" : [

    ]
  },
  "sceneCameraHistory" : {
    "3419AD33-FC01-4034-814B-B9FA509D7753" : [
      {
        "date" : 775127499.394074,
        "title" : "Untitled",
        "transform" : [
          1,
          0,
          0,
          0,
          0,
          0.7071069,
          -0.70710677,
          0,
          0,
          0.70710677,
          0.7071069,
          0,
          0,
          70.71067,
          70.71067,
          1
        ]
      },
      {
        "date" : 775127496.528679,
        "title" : "Untitled",
        "transform" : [
          1,
          0,
          0,
          0,
          0,
          0.7071069,
          -0.70710677,
          0,
          0,
          0.70710677,
          0.7071069,
          0,
          0,
          10.7738905,
          10.773891,
          1
        ]
      },
      {
        "date" : 775045397.446711,
        "title" : "Untitled",
        "transform" : [
          1,
          0,
          0,
          0,
          0,
          0.7071069,
          -0.70710677,
          0,
          0,
          0.70710677,
          0.7071069,
          0,
          0,
          8.357432,
          8.357433,
          1
        ]
      }
    ],
    "672C0507-21C0-4910-935D-D77ED80E9E50" : [
      {
        "date" : 775123870.509645,
        "title" : "Untitled",
        "transform" : [
          1,
          0,
          0,
          0,
          0,
          0.7071069,
          -0.7071067,
          0,
          0,
          0.7071067,
          0.7071069,
          0,
          0.5481808,
          1.3348296,
          75.6099,
          1
        ]
      },
      {
        "date" : 775123867.6113,
        "title" : "Untitled",
        "transform" : [
          1,
          0,
          -0,
          0,
          -0,
          0.7071069,
          -0.7071067,
          0,
          0,
          0.7071067,
          0.7071069,
          0,
          0.5668354,
          1.3447132,
          75.60002,
          1
        ]
      }
    ],
    "6E20746C-80D1-4DB0-9DDD-5938033C8816" : [
      {
        "date" : 775126715.464425,
        "title" : "Untitled",
        "transform" : [
          0.9549147,
          -3.0037643e-09,
          -0.29688048,
          0,
          -0.07984075,
          0.9631591,
          -0.2568076,
          0,
          0.28594303,
          0.26893276,
          0.91973454,
          0,
          0.27628502,
          0.34223467,
          0.9375483,
          1
        ]
      },
      {
        "date" : 775126710.699912,
        "title" : "Untitled",
        "transform" : [
          0.9549147,
          -3.0037643e-09,
          -0.29688048,
          0,
          -0.07984075,
          0.9631591,
          -0.2568076,
          0,
          0.28594303,
          0.26893276,
          0.91973454,
          0,
          2.0830607,
          2.5802906,
          7.068679,
          1
        ]
      },
      {
        "date" : 775126660.7319,
        "title" : "Untitled",
        "transform" : [
          0.9549147,
          -3.0037643e-09,
          -0.29688048,
          0,
          -0.07984075,
          0.9631591,
          -0.2568076,
          0,
          0.28594303,
          0.26893276,
          0.91973454,
          0,
          0.079680145,
          0.098699905,
          0.27038738,
          1
        ]
      },
      {
        "date" : 775126659.090692,
        "title" : "Untitled",
        "transform" : [
          0.98760515,
          -2.4873927e-09,
          -0.15695895,
          0,
          -0.04980408,
          0.94832295,
          -0.31337386,
          0,
          0.14884771,
          0.31730708,
          0.93656844,
          0,
          0.039265886,
          0.11283024,
          0.2737288,
          1
        ]
      },
      {
        "date" : 775126654.532534,
        "title" : "Untitled",
        "transform" : [
          0.22647597,
          3.2192704e-10,
          0.9740168,
          0,
          0.000119169374,
          1,
          -2.7644166e-05,
          0,
          -0.9740167,
          0.00012263603,
          0.22647592,
          0,
          -0.2912144,
          0.01930091,
          0.063415825,
          1
        ]
      },
      {
        "date" : 775126618.920178,
        "title" : "Untitled",
        "transform" : [
          0.9907286,
          7.993609e-09,
          -0.13585596,
          0,
          -0.08603905,
          0.77389705,
          -0.62743974,
          0,
          0.10513846,
          0.6333117,
          0.76672184,
          0,
          0.02552888,
          0.20364328,
          0.21697383,
          1
        ]
      },
      {
        "date" : 775126612.61387,
        "title" : "Untitled",
        "transform" : [
          0.9998806,
          8.161133e-09,
          -0.015459379,
          0,
          -0.008740345,
          0.82483083,
          -0.5653119,
          0,
          0.0127513185,
          0.56537986,
          0.8247323,
          0,
          -0.00055280956,
          0.18437995,
          0.23495463,
          1
        ]
      },
      {
        "date" : 775126597.791515,
        "title" : "Untitled",
        "transform" : [
          0.6962882,
          7.3207715e-09,
          0.71776235,
          0,
          -0.026669081,
          0.9993094,
          0.025871286,
          0,
          -0.7172668,
          -0.03715565,
          0.6958074,
          0,
          -0.217182,
          0.008178215,
          0.2048537,
          1
        ]
      },
      {
        "date" : 775126589.8233,
        "title" : "Untitled",
        "transform" : [
          0.99447066,
          6.2462244e-09,
          -0.1050149,
          0,
          -0.037504163,
          0.9340538,
          -0.35515752,
          0,
          0.098089464,
          0.3571325,
          0.9288889,
          0,
          0.02434756,
          0.1244238,
          0.2704179,
          1
        ]
      },
      {
        "date" : 775126584.840649,
        "title" : "Untitled",
        "transform" : [
          0.98124766,
          6.125914e-09,
          -0.19275108,
          0,
          -0.090456426,
          0.8830433,
          -0.46049136,
          0,
          0.17020744,
          0.46929184,
          0.86648405,
          0,
          0.044874843,
          0.15686598,
          0.25015846,
          1
        ]
      }
    ],
    "A44C2B43-E066-4E89-AC13-F21109AE98F8" : [
      {
        "date" : 775123978.541492,
        "title" : "Untitled",
        "transform" : [
          0.996433,
          1.0171278e-08,
          0.08438747,
          0,
          0.059670947,
          0.7071067,
          -0.7045846,
          0,
          -0.059670955,
          0.7071068,
          0.7045845,
          0,
          0.51776314,
          1.3646088,
          75.629616,
          1
        ]
      },
      {
        "date" : 775123974.582905,
        "title" : "Untitled",
        "transform" : [
          0.996433,
          7.322608e-09,
          0.08438746,
          0,
          0.059670944,
          0.7071067,
          -0.7045846,
          0,
          -0.059670947,
          0.7071068,
          0.7045845,
          0,
          -5.1852355,
          172.8055,
          162.83804,
          1
        ]
      },
      {
        "date" : 775123969.321999,
        "title" : "Untitled",
        "transform" : [
          0.996433,
          4.4246917e-09,
          0.084387444,
          0,
          0.059670925,
          0.70710677,
          -0.70458454,
          0,
          -0.059670936,
          0.70710677,
          0.70458454,
          0,
          0.517766,
          1.3646502,
          75.62964,
          1
        ]
      },
      {
        "date" : 775123965.463536,
        "title" : "Untitled",
        "transform" : [
          0.996433,
          0,
          0.08438743,
          0,
          0.059670918,
          0.7071068,
          -0.7045845,
          0,
          -0.05967093,
          0.7071067,
          0.7045846,
          0,
          -0.7092906,
          8.405169,
          8.375187,
          1
        ]
      }
    ],
    "B6613891-0877-4625-883C-781989A64D0A" : [
      {
        "date" : 775034708.763066,
        "title" : "Untitled",
        "transform" : [
          0.91384596,
          -2.3479592e-08,
          0.406061,
          0,
          0.3306185,
          0.58057195,
          -0.7440615,
          0,
          -0.23574762,
          0.8142089,
          0.53055334,
          0,
          1.62691,
          11.602455,
          18.14859,
          1
        ]
      },
      {
        "date" : 775034693.267012,
        "title" : "Untitled",
        "transform" : [
          0.91384596,
          -2.3479592e-08,
          0.406061,
          0,
          0.3306185,
          0.58057195,
          -0.7440615,
          0,
          -0.23574762,
          0.8142089,
          0.53055334,
          0,
          -7.8628983,
          89.10915,
          -105.01313,
          1
        ]
      },
      {
        "date" : 775034691.386949,
        "title" : "Untitled",
        "transform" : [
          0.91384596,
          -2.3479592e-08,
          0.406061,
          0,
          0.3306185,
          0.58057195,
          -0.7440615,
          0,
          -0.23574762,
          0.8142089,
          0.53055334,
          0,
          -10.43595,
          118.26921,
          -75.56584,
          1
        ]
      },
      {
        "date" : 775034678.19138,
        "title" : "Untitled",
        "transform" : [
          0.91384596,
          5.2427516e-09,
          0.406061,
          0,
          0.33061856,
          0.58057195,
          -0.7440616,
          0,
          -0.23574752,
          0.8142089,
          0.53055334,
          0,
          -0.66822815,
          6.6394296,
          97.485535,
          1
        ]
      },
      {
        "date" : 775034666.618753,
        "title" : "Untitled",
        "transform" : [
          0.9998341,
          -1.8400225e-08,
          -0.018210601,
          0,
          -0.008458336,
          0.8855866,
          -0.46439728,
          0,
          0.01612707,
          0.46447432,
          0.8854397,
          0,
          1.1508288,
          7.784223,
          99.24287,
          1
        ]
      },
      {
        "date" : 775034660.419041,
        "title" : "Untitled",
        "transform" : [
          -0.25943696,
          -1.8496799e-08,
          0.96576,
          0,
          0.58009815,
          0.7995008,
          0.1558347,
          0,
          -0.77212596,
          0.6006649,
          -0.20742007,
          0,
          -3.4233809,
          1.7437027,
          89.548416,
          1
        ]
      },
      {
        "date" : 775034658.792162,
        "title" : "Untitled",
        "transform" : [
          -0.25943702,
          -7.463807e-09,
          0.96576,
          0,
          0.58009815,
          0.79950094,
          0.15583466,
          0,
          -0.7721259,
          0.6006651,
          -0.20742008,
          0,
          -2.047718,
          4.827071,
          -206.28065,
          1
        ]
      },
      {
        "date" : 775034655.151632,
        "title" : "Untitled",
        "transform" : [
          -0.25943702,
          -7.463807e-09,
          0.96576,
          0,
          0.58009815,
          0.79950094,
          0.15583466,
          0,
          -0.7721259,
          0.6006651,
          -0.20742008,
          0,
          -16.066628,
          9.692893,
          -140.00407,
          1
        ]
      },
      {
        "date" : 775034615.622903,
        "title" : "Untitled",
        "transform" : [
          -0.25943702,
          -7.463807e-09,
          0.96576,
          0,
          0.5800981,
          0.7995008,
          0.15583465,
          0,
          -0.7721259,
          0.6006651,
          -0.20742008,
          0,
          -23.441456,
          10.079242,
          -111.43227,
          1
        ]
      },
      {
        "date" : 775034610.127037,
        "title" : "Untitled",
        "transform" : [
          0.62280095,
          -1.1418161e-08,
          0.7823803,
          0,
          0.5634408,
          0.69380563,
          -0.44851783,
          0,
          -0.54281974,
          0.7201624,
          0.43210277,
          0,
          -19.593044,
          12.084396,
          -100.7009,
          1
        ]
      }
    ],
    "C03681F5-C48D-4F4E-B0F2-AB057DC63D90" : [
      {
        "date" : 775044164.601458,
        "title" : "Untitled",
        "transform" : [
          0.9999585,
          -1.8078379e-07,
          -0.009108188,
          0,
          -0.00043739585,
          0.9988452,
          -0.04804129,
          0,
          0.009097648,
          0.048043262,
          0.9988039,
          0,
          -0.88521314,
          0.983239,
          63.524574,
          1
        ]
      },
      {
        "date" : 775044157.254709,
        "title" : "Untitled",
        "transform" : [
          0.9970003,
          -1.7973827e-07,
          0.07739804,
          0,
          -0.0020033927,
          0.9996649,
          0.025808956,
          0,
          -0.07737211,
          -0.025886595,
          0.9966662,
          0,
          -1.0800757,
          0.5627122,
          61.47526,
          1
        ]
      },
      {
        "date" : 775044149.966756,
        "title" : "Untitled",
        "transform" : [
          0.9839227,
          -1.7038259e-07,
          0.17859468,
          0,
          -0.007940924,
          0.999011,
          0.0437496,
          0,
          -0.17841798,
          -0.044464413,
          0.9829496,
          0,
          0.7664459,
          0.59120655,
          63.211063,
          1
        ]
      },
      {
        "date" : 775044146.301469,
        "title" : "Untitled",
        "transform" : [
          0.9926499,
          -1.7069608e-07,
          -0.12102129,
          0,
          0.0021049166,
          0.99984884,
          0.01726353,
          0,
          0.12100308,
          -0.017391358,
          0.9924998,
          0,
          1.7459204,
          0.67978793,
          63.24958,
          1
        ]
      },
      {
        "date" : 775044139.872212,
        "title" : "Untitled",
        "transform" : [
          0.9663069,
          -1.15153924e-07,
          -0.25739253,
          0,
          0.0505611,
          0.9805169,
          0.18981633,
          0,
          0.2523779,
          -0.19643486,
          0.9474802,
          0,
          2.5730398,
          12.368881,
          98.15476,
          1
        ]
      },
      {
        "date" : 775044136.539247,
        "title" : "Untitled",
        "transform" : [
          0.9663069,
          -1.15153924e-07,
          -0.25739253,
          0,
          0.0505611,
          0.9805169,
          0.18981633,
          0,
          0.2523779,
          -0.19643486,
          0.9474802,
          0,
          2.644587,
          12.4928665,
          98.16141,
          1
        ]
      },
      {
        "date" : 775044135.272405,
        "title" : "Untitled",
        "transform" : [
          0.96630704,
          -1.1515394e-07,
          -0.25739256,
          0,
          0.0505611,
          0.9805169,
          0.18981633,
          0,
          0.2523779,
          -0.19643486,
          0.9474802,
          0,
          2.6762922,
          12.468189,
          98.28044,
          1
        ]
      },
      {
        "date" : 775044132.100091,
        "title" : "Untitled",
        "transform" : [
          0.97807837,
          -1.1812223e-07,
          -0.20823748,
          0,
          0.08294952,
          0.91723794,
          0.38960752,
          0,
          0.19100349,
          -0.39833984,
          0.8971305,
          0,
          0.5417216,
          2.3423746,
          99.694984,
          1
        ]
      },
      {
        "date" : 775044129.817949,
        "title" : "Untitled",
        "transform" : [
          0.97807837,
          -1.1812223e-07,
          -0.20823748,
          0,
          0.08294952,
          0.91723794,
          0.38960752,
          0,
          0.19100349,
          -0.39833984,
          0.8971305,
          0,
          0.16905713,
          2.9850838,
          113.764755,
          1
        ]
      },
      {
        "date" : 775043181.137456,
        "title" : "Untitled",
        "transform" : [
          0.97807837,
          -1.1812223e-07,
          -0.20823748,
          0,
          0.08294952,
          0.91723794,
          0.38960752,
          0,
          0.19100349,
          -0.39833984,
          0.8971305,
          0,
          0.23322815,
          3.039751,
          113.8909,
          1
        ]
      }
    ],
    "E4B22B7A-362C-484F-AB0B-D6661FB85899" : [
      {
        "date" : 775127629.555642,
        "title" : "Untitled",
        "transform" : [
          0.094368696,
          6.247649e-08,
          0.99553734,
          0,
          0.25471082,
          0.9667159,
          -0.024144541,
          0,
          -0.9624017,
          0.2558526,
          0.09122771,
          0,
          -3.1442528,
          1.1862371,
          90.17962,
          1
        ]
      },
      {
        "date" : 775127625.066464,
        "title" : "Untitled",
        "transform" : [
          0.9861102,
          5.9394047e-08,
          0.16609201,
          0,
          -0.03788881,
          0.9736333,
          0.22495052,
          0,
          -0.1617127,
          -0.22811899,
          0.9601098,
          0,
          -0.3459519,
          0.585606,
          93.38494,
          1
        ]
      },
      {
        "date" : 775127621.747203,
        "title" : "Untitled",
        "transform" : [
          0.9706596,
          5.9136596e-08,
          -0.24045753,
          0,
          0.049121346,
          0.97891194,
          0.19828936,
          0,
          0.23538673,
          -0.20428301,
          0.95019025,
          0,
          1.0295292,
          0.6684294,
          93.23651,
          1
        ]
      },
      {
        "date" : 775127616.114575,
        "title" : "Untitled",
        "transform" : [
          0.9999979,
          5.748101e-08,
          0.0020562264,
          0,
          0.0008648539,
          0.9072325,
          -0.4206287,
          0,
          -0.0018655008,
          0.4206296,
          0.90723056,
          0,
          0.21584576,
          2.633017,
          92.54091,
          1
        ]
      },
      {
        "date" : 775127594.97278,
        "title" : "Untitled",
        "transform" : [
          0.99962854,
          5.728898e-08,
          0.02725643,
          0,
          0.0015007975,
          0.9984828,
          -0.05504393,
          0,
          -0.027215077,
          0.055064358,
          0.99811184,
          0,
          0.13383412,
          1.5323133,
          93.20236,
          1
        ]
      },
      {
        "date" : 775127581.108921,
        "title" : "Untitled",
        "transform" : [
          0.99962854,
          5.728898e-08,
          0.02725643,
          0,
          0.0015007975,
          0.9984828,
          -0.05504393,
          0,
          -0.027215077,
          0.055064358,
          0.99811184,
          0,
          -0.30751735,
          0.9559822,
          93.22212,
          1
        ]
      },
      {
        "date" : 775127574.321059,
        "title" : "Untitled",
        "transform" : [
          0.99962854,
          5.728898e-08,
          0.02725643,
          0,
          0.0015007975,
          0.9984828,
          -0.05504393,
          0,
          -0.027215077,
          0.055064358,
          0.99811184,
          0,
          -0.24028938,
          0.22758958,
          93.26414,
          1
        ]
      },
      {
        "date" : 775127558.896866,
        "title" : "Untitled",
        "transform" : [
          0.99528813,
          5.724145e-08,
          0.09696187,
          0,
          0.026740517,
          0.96121955,
          -0.274485,
          0,
          -0.09320165,
          0.27578443,
          0.9566904,
          0,
          -0.4611544,
          0.9566624,
          93.173904,
          1
        ]
      },
      {
        "date" : 775127557.208778,
        "title" : "Untitled",
        "transform" : [
          0.9952881,
          5.7896163e-08,
          0.09696187,
          0,
          0.026740527,
          0.96121955,
          -0.27448496,
          0,
          -0.0932017,
          0.27578443,
          0.9566903,
          0,
          0.2379352,
          -1.7636194,
          93.46563,
          1
        ]
      },
      {
        "date" : 775127554.225016,
        "title" : "Untitled",
        "transform" : [
          0.9952881,
          5.7896163e-08,
          0.09696187,
          0,
          0.026740527,
          0.96121955,
          -0.27448496,
          0,
          -0.0932017,
          0.27578443,
          0.9566903,
          0,
          0.24165273,
          -1.8405728,
          93.488174,
          1
        ]
      }
    ]
  },
  "sceneViewportBackgroundColors" : {

  },
  "selectedSceneRelativePath" : "Scene.usda"
}