{
  "advancedEditorSelectedIdentifier" : "ProjectBrowser",
  "openSceneRelativePaths" : [
    "Scene.usda",
    "CloudChunk.usda"
  ],
  "recentIdentifiers" : {
    "04CE3202-CEA9-4BF3-9159-873F0B7DB687" : [

    ],
    "F4762315-832E-41D1-9BAC-90989898ACD1" : [

    ]
  },
  "sceneCameraHistory" : {
    "04CE3202-CEA9-4BF3-9159-873F0B7DB687" : [
      {
        "date" : 774786016.015996,
        "title" : "Untitled",
        "transform" : [
          0.99947214,
          6.6925344e-07,
          -0.03248706,
          0,
          -0.001769285,
          0.99851704,
          -0.05441193,
          0,
          0.032438852,
          0.054440733,
          0.99798995,
          0,
          -1.796185,
          18.225721,
          115.51216,
          1
        ]
      },
      {
        "date" : 774786012.00537,
        "title" : "Untitled",
        "transform" : [
          0.99947214,
          6.6925344e-07,
          -0.03248706,
          0,
          -0.001769285,
          0.99851704,
          -0.05441193,
          0,
          0.032438852,
          0.054440733,
          0.99798995,
          0,
          -0.90530515,
          11.683888,
          66.87222,
          1
        ]
      },
      {
        "date" : 774786007.396625,
        "title" : "Untitled",
        "transform" : [
          0.99631757,
          6.691495e-07,
          -0.08574004,
          0,
          0.0007477161,
          0.9999619,
          0.008696417,
          0,
          0.08573678,
          -0.008728459,
          0.99627966,
          0,
          4.9592347,
          8.541223,
          100.78041,
          1
        ]
      },
      {
        "date" : 774786000.363378,
        "title" : "Untitled",
        "transform" : [
          0.94868284,
          6.784817e-07,
          0.316229,
          0,
          0.14573152,
          0.8874812,
          -0.43719488,
          0,
          -0.2806473,
          0.46084374,
          0.8419384,
          0,
          -2.2622066,
          10.672957,
          84.07187,
          1
        ]
      },
      {
        "date" : 774785441.29501,
        "title" : "Untitled",
        "transform" : [
          0.9594407,
          6.807367e-07,
          0.28191057,
          0,
          0.11289353,
          0.91631377,
          -0.38421878,
          0,
          -0.25831857,
          0.4004609,
          0.8791488,
          0,
          1.3018234,
          3.7302248,
          77.920074,
          1
        ]
      },
      {
        "date" : 774785346.615258,
        "title" : "Untitled",
        "transform" : [
          0.95805746,
          6.799636e-07,
          0.286576,
          0,
          0.10920189,
          0.9245504,
          -0.36507717,
          0,
          -0.26495415,
          0.38105953,
          0.8857726,
          0,
          0.80388343,
          1.6834944,
          74.09395,
          1
        ]
      },
      {
        "date" : 774785156.411515,
        "title" : "Untitled",
        "transform" : [
          0.99801147,
          6.7998553e-07,
          0.06303123,
          0,
          0.02416812,
          0.9235652,
          -0.3826788,
          0,
          -0.058213633,
          0.3834412,
          0.9217289,
          0,
          1.6886101,
          1.6931654,
          73.98683,
          1
        ]
      },
      {
        "date" : 774785153.316918,
        "title" : "Untitled",
        "transform" : [
          0.9184344,
          6.797256e-07,
          0.39557332,
          0,
          0.12781453,
          0.9463601,
          -0.29675895,
          0,
          -0.374355,
          0.32311365,
          0.86916965,
          0,
          0.9279785,
          1.5560315,
          74.04285,
          1
        ]
      },
      {
        "date" : 774785094.688956,
        "title" : "Untitled",
        "transform" : [
          0.99762106,
          6.814262e-07,
          0.06893728,
          0,
          0.015067562,
          0.9758193,
          -0.21805881,
          0,
          -0.06727045,
          0.21857877,
          0.97349787,
          0,
          1.661511,
          1.3133191,
          74.200386,
          1
        ]
      },
      {
        "date" : 774785085.01136,
        "title" : "Untitled",
        "transform" : [
          0.998783,
          6.8153986e-07,
          -0.04932198,
          0,
          -0.007938738,
          0.98696357,
          -0.16074792,
          0,
          0.048678912,
          0.16094384,
          0.9857624,
          0,
          1.9361224,
          1.1769166,
          74.20915,
          1
        ]
      }
    ],
    "99FA4461-2B73-458B-BBA0-3DA3337862E2" : [
      {
        "date" : 774785015.665349,
        "title" : "Untitled",
        "transform" : [
          0.92632747,
          2.2698593e-08,
          -0.37671903,
          0,
          -0.16474406,
          0.8993095,
          -0.40509483,
          0,
          0.3387871,
          0.4373127,
          0.83305514,
          0,
          0.17690404,
          0.28746283,
          0.44871262,
          1
        ]
      },
      {
        "date" : 774785013.722558,
        "title" : "Untitled",
        "transform" : [
          0.99996346,
          2.4259347e-08,
          -0.008545193,
          0,
          -0.001264128,
          0.98899764,
          -0.14792617,
          0,
          0.008451254,
          0.14793153,
          0.9889615,
          0,
          -0.000573669,
          0.1332796,
          0.5244116,
          1
        ]
      },
      {
        "date" : 774785010.780519,
        "title" : "Untitled",
        "transform" : [
          0.836859,
          2.4266647e-08,
          -0.54741853,
          0,
          -0.06383584,
          0.9931776,
          -0.09758816,
          0,
          0.5436838,
          0.11661243,
          0.83114946,
          0,
          0.09224826,
          0.085813224,
          0.14254749,
          1
        ]
      },
      {
        "date" : 774785007.648752,
        "title" : "Untitled",
        "transform" : [
          0.836859,
          1.5493098e-08,
          -0.54741865,
          0,
          -0.06383586,
          0.9931776,
          -0.09758816,
          0,
          0.54368377,
          0.11661256,
          0.8311495,
          0,
          0.24613516,
          0.16192737,
          0.49252787,
          1
        ]
      },
      {
        "date" : 774766041.238042,
        "title" : "Untitled",
        "transform" : [
          0.836859,
          1.5493098e-08,
          -0.54741865,
          0,
          -0.06383586,
          0.9931776,
          -0.09758816,
          0,
          0.54368377,
          0.11661256,
          0.8311495,
          0,
          0.46603122,
          0.30659255,
          0.9325501,
          1
        ]
      },
      {
        "date" : 774763832.184487,
        "title" : "Untitled",
        "transform" : [
          0.84058267,
          3.774241e-08,
          -0.54168344,
          0,
          -0.38435796,
          0.7046431,
          -0.59644544,
          0,
          0.38169336,
          0.70956206,
          0.5923107,
          0,
          0.2342955,
          0.8846011,
          0.58602047,
          1
        ]
      },
      {
        "date" : 774763761.911658,
        "title" : "Untitled",
        "transform" : [
          0.9144378,
          2.4955751e-08,
          -0.40472662,
          0,
          -0.14208992,
          0.9363469,
          -0.32103738,
          0,
          0.37896442,
          0.35107636,
          0.856231,
          0,
          0.25503862,
          0.55250263,
          0.8736682,
          1
        ]
      },
      {
        "date" : 774763745.713774,
        "title" : "Untitled",
        "transform" : [
          0.9144378,
          2.4955751e-08,
          -0.40472662,
          0,
          -0.14208992,
          0.9363469,
          -0.32103738,
          0,
          0.37896442,
          0.35107636,
          0.856231,
          0,
          0.38646263,
          0.44146788,
          0.8610274,
          1
        ]
      },
      {
        "date" : 774763740.494728,
        "title" : "Untitled",
        "transform" : [
          0.9144378,
          2.4955751e-08,
          -0.40472662,
          0,
          -0.14208992,
          0.9363469,
          -0.32103738,
          0,
          0.37896442,
          0.35107636,
          0.856231,
          0,
          0.18380398,
          0.24653473,
          0.40771517,
          1
        ]
      },
      {
        "date" : 774763706.953536,
        "title" : "Untitled",
        "transform" : [
          0.9144378,
          2.4955751e-08,
          -0.40472662,
          0,
          -0.14208992,
          0.9363469,
          -0.32103738,
          0,
          0.37896442,
          0.35107636,
          0.856231,
          0,
          0.18877244,
          0.21379367,
          0.41894087,
          1
        ]
      }
    ],
    "F4762315-832E-41D1-9BAC-90989898ACD1" : [
      {
        "date" : 774420418.77351,
        "title" : "Untitled",
        "transform" : [
          0.0963122,
          0.009423413,
          0.99530655,
          0,
          0.5028135,
          0.8625253,
          -0.056821693,
          0,
          -0.85901254,
          0.5059262,
          0.07833349,
          0,
          -82.098915,
          15.724033,
          -53.013947,
          1
        ]
      },
      {
        "date" : 774420415.316287,
        "title" : "Untitled",
        "transform" : [
          0.0963122,
          0.009423413,
          0.99530655,
          0,
          0.5028135,
          0.8625253,
          -0.056821693,
          0,
          -0.85901254,
          0.5059262,
          0.07833349,
          0,
          -56.386734,
          57.357826,
          -39.948452,
          1
        ]
      },
      {
        "date" : 774420414.067698,
        "title" : "Untitled",
        "transform" : [
          0.0963122,
          0.009423413,
          0.99530655,
          0,
          0.5028135,
          0.8625253,
          -0.056821693,
          0,
          -0.85901254,
          0.5059262,
          0.07833349,
          0,
          -69.16001,
          34.245216,
          -30.746063,
          1
        ]
      },
      {
        "date" : 774420122.698063,
        "title" : "Untitled",
        "transform" : [
          0.0963122,
          0.009423413,
          0.99530655,
          0,
          0.5028135,
          0.8625253,
          -0.056821693,
          0,
          -0.85901254,
          0.5059262,
          0.07833349,
          0,
          -31.688004,
          12.337542,
          31.98603,
          1
        ]
      },
      {
        "date" : 774420116.155118,
        "title" : "Untitled",
        "transform" : [
          0.53529376,
          0.009423385,
          0.8446134,
          0,
          -0.009205039,
          0.9999435,
          -0.00532248,
          0,
          -0.8446159,
          -0.0049255,
          0.53535026,
          0,
          -56.685898,
          23.360231,
          27.939547,
          1
        ]
      },
      {
        "date" : 774420111.522081,
        "title" : "Untitled",
        "transform" : [
          -0.16322431,
          0.009423402,
          0.98654395,
          0,
          0.28185892,
          0.95872366,
          0.037476104,
          0,
          -0.9454698,
          0.2841832,
          -0.15914309,
          0,
          -65.74542,
          41.55353,
          -15.212923,
          1
        ]
      },
      {
        "date" : 774419876.164162,
        "title" : "Untitled",
        "transform" : [
          0.57996583,
          0.0094234,
          0.81458616,
          0,
          -0.22346535,
          0.9634168,
          0.14795691,
          0,
          -0.78339183,
          -0.26784173,
          0.5608547,
          0,
          -69.23809,
          1.6751337,
          40.317085,
          1
        ]
      },
      {
        "date" : 774385747.333906,
        "title" : "Untitled",
        "transform" : [
          0.97781515,
          0.009423406,
          0.20925722,
          0,
          0.049489018,
          0.9603137,
          -0.27449718,
          0,
          -0.20353928,
          0.27876344,
          0.93854284,
          0,
          -23.03223,
          41.197113,
          61.113667,
          1
        ]
      },
      {
        "date" : 774385646.478735,
        "title" : "Untitled",
        "transform" : [
          0.9982857,
          0.009423407,
          -0.057767745,
          0,
          -0.025941567,
          0.9559578,
          -0.2923559,
          0,
          0.052468482,
          0.29335326,
          0.9545633,
          0,
          -6.3071384,
          42.154842,
          63.2119,
          1
        ]
      },
      {
        "date" : 774385638.865325,
        "title" : "Untitled",
        "transform" : [
          0.88031286,
          0.009423407,
          0.4743,
          0,
          -0.050930902,
          0.99590147,
          0.074742496,
          0,
          -0.4716518,
          -0.089953266,
          0.87718475,
          0,
          -67.73688,
          -2.9211178,
          53.185112,
          1
        ]
      }
    ]
  },
  "sceneViewportBackgroundColors" : {

  },
  "selectedSceneRelativePath" : "Scene.usda"
}