{
  "advancedEditorSelectedIdentifier" : "ProjectBrowser",
  "openSceneRelativePaths" : [
    "Scene.usda"
  ],
  "recentIdentifiers" : {

  },
  "sceneCameraHistory" : {
    "E4B22B7A-362C-484F-AB0B-D6661FB85899" : [
      {
        "date" : 775225447.470433,
        "title" : "Untitled",
        "transform" : [
          0.9468285,
          -2.7009978e-08,
          -0.32173878,
          0,
          -0.16099921,
          0.8657922,
          -0.47379634,
          0,
          0.27855894,
          0.5004035,
          0.81975675,
          0,
          179.90404,
          326.78082,
          425.09885,
          1
        ]
      },
      {
        "date" : 775147374.697015,
        "title" : "Untitled",
        "transform" : [
          0.94682854,
          -4.954728e-09,
          -0.32173872,
          0,
          -0.11911941,
          0.9289375,
          -0.35055047,
          0,
          0.2988752,
          0.37023652,
          0.8795445,
          0,
          1.0422118,
          2.2132192,
          92.18529,
          1
        ]
      },
      {
        "date" : 775147278.618974,
        "title" : "Untitled",
        "transform" : [
          0.94682854,
          -4.954728e-09,
          -0.32173872,
          0,
          -0.11911941,
          0.9289375,
          -0.35055047,
          0,
          0.2988752,
          0.37023652,
          0.8795445,
          0,
          0.9676202,
          2.7400968,
          91.988846,
          1
        ]
      },
      {
        "date" : 775147272.570842,
        "title" : "Untitled",
        "transform" : [
          0.94682854,
          -4.954728e-09,
          -0.32173872,
          0,
          -0.11911941,
          0.9289375,
          -0.35055047,
          0,
          0.2988752,
          0.37023652,
          0.8795445,
          0,
          0.53963363,
          1.6962061,
          91.109146,
          1
        ]
      },
      {
        "date" : 775147265.12801,
        "title" : "Untitled",
        "transform" : [
          0.94682854,
          -4.954728e-09,
          -0.32173872,
          0,
          -0.11911941,
          0.9289375,
          -0.35055047,
          0,
          0.2988752,
          0.37023652,
          0.8795445,
          0,
          0.87976944,
          5.07289,
          93.46203,
          1
        ]
      },
      {
        "date" : 775147259.754179,
        "title" : "Untitled",
        "transform" : [
          0.9609189,
          -1.2186659e-08,
          -0.27683017,
          0,
          -0.01942741,
          0.9975346,
          -0.06743547,
          0,
          0.2761477,
          0.070178114,
          0.9585498,
          0,
          0.95921874,
          2.9889755,
          94.216515,
          1
        ]
      },
      {
        "date" : 775147254.257963,
        "title" : "Untitled",
        "transform" : [
          0.96908754,
          -1.2029547e-08,
          -0.24671735,
          0,
          -0.058759153,
          0.971225,
          -0.23080164,
          0,
          0.23961808,
          0.2381639,
          0.94120204,
          0,
          0.715364,
          3.7118356,
          93.822395,
          1
        ]
      },
      {
        "date" : 775147248.091688,
        "title" : "Untitled",
        "transform" : [
          0.99923134,
          -1.0359752e-08,
          -0.039201338,
          0,
          -0.0059680156,
          0.98834354,
          -0.15212335,
          0,
          0.038744386,
          0.15224038,
          0.9875839,
          0,
          -0.099244505,
          3.3493114,
          94.24463,
          1
        ]
      },
      {
        "date" : 775147239.246587,
        "title" : "Untitled",
        "transform" : [
          0.99923134,
          -1.0359752e-08,
          -0.039201338,
          0,
          -0.0059680156,
          0.98834354,
          -0.15212335,
          0,
          0.038744386,
          0.15224038,
          0.9875839,
          0,
          -0.19880931,
          2.5538266,
          90.685196,
          1
        ]
      },
      {
        "date" : 775147218.76669,
        "title" : "Untitled",
        "transform" : [
          0.99923134,
          -1.2004978e-08,
          -0.039201327,
          0,
          -0.0059680175,
          0.98834354,
          -0.15212333,
          0,
          0.038744394,
          0.1522404,
          0.9875839,
          0,
          0.0510222,
          -0.24281001,
          130.67168,
          1
        ]
      }
    ]
  },
  "sceneViewportBackgroundColors" : {

  }
}