{
  "advancedEditorSelectedIdentifier" : "ProjectBrowser",
  "openSceneRelativePaths" : [
    "Scene.usda"
  ],
  "recentIdentifiers" : {
    "04CE3202-CEA9-4BF3-9159-873F0B7DB687" : [

    ]
  },
  "sceneCameraHistory" : {
    "04CE3202-CEA9-4BF3-9159-873F0B7DB687" : [
      {
        "date" : 775124031.711907,
        "title" : "Untitled",
        "transform" : [
          0.9638053,
          -0.00025043346,
          -0.26660714,
          0,
          -0.068432376,
          0.96626407,
          -0.24829593,
          0,
          0.2576751,
          0.25755346,
          0.9312733,
          0,
          1.4225812,
          10.395217,
          84.461655,
          1
        ]
      },
      {
        "date" : 775044667.563917,
        "title" : "Untitled",
        "transform" : [
          0.96266145,
          -0.00025043404,
          -0.27070817,
          0,
          -0.043844063,
          0.9866526,
          -0.15682597,
          0,
          0.26713425,
          0.16283925,
          0.94980145,
          0,
          2.0062833,
          0.6382644,
          84.96943,
          1
        ]
      },
      {
        "date" : 775044665.68856,
        "title" : "Untitled",
        "transform" : [
          0.96266145,
          -0.00025043404,
          -0.27070817,
          0,
          -0.043844063,
          0.9866526,
          -0.15682597,
          0,
          0.26713425,
          0.16283925,
          0.94980145,
          0,
          1.7311836,
          0.55467993,
          71.32671,
          1
        ]
      },
      {
        "date" : 775044655.058869,
        "title" : "Untitled",
        "transform" : [
          0.96519685,
          -0.00025043404,
          -0.26152432,
          0,
          -0.042132523,
          0.98678815,
          -0.15644166,
          0,
          0.25810832,
          0.16201568,
          0.9524343,
          0,
          0.86863935,
          0.4815219,
          71.340416,
          1
        ]
      },
      {
        "date" : 775044643.728444,
        "title" : "Untitled",
        "transform" : [
          0.9894841,
          -0.00025044152,
          -0.14464179,
          0,
          0.0043076044,
          0.9996059,
          0.027737234,
          0,
          0.14457785,
          -0.02806861,
          0.9890952,
          0,
          -2.0814235,
          1.5993032,
          128.41537,
          1
        ]
      },
      {
        "date" : 775044621.871286,
        "title" : "Untitled",
        "transform" : [
          0.9894841,
          -0.00025044152,
          -0.14464179,
          0,
          0.0043076044,
          0.9996059,
          0.027737234,
          0,
          0.14457785,
          -0.02806861,
          0.9890952,
          0,
          0.882516,
          0.7596903,
          70.84831,
          1
        ]
      },
      {
        "date" : 775044616.008607,
        "title" : "Untitled",
        "transform" : [
          0.9894841,
          -0.00025044134,
          -0.14464179,
          0,
          0.0043076035,
          0.9996059,
          0.02773723,
          0,
          0.14457785,
          -0.028068606,
          0.9890952,
          0,
          -1.076026,
          3.4876347,
          72.86961,
          1
        ]
      },
      {
        "date" : 775044608.913251,
        "title" : "Untitled",
        "transform" : [
          0.9894841,
          -0.00025044134,
          -0.14464179,
          0,
          0.0043076035,
          0.9996059,
          0.02773723,
          0,
          0.14457785,
          -0.028068606,
          0.9890952,
          0,
          1.4375219,
          0.38848305,
          72.41426,
          1
        ]
      },
      {
        "date" : 775044606.938053,
        "title" : "Untitled",
        "transform" : [
          0.9894841,
          -0.00025044166,
          -0.14464177,
          0,
          0.004307603,
          0.99960595,
          0.027737226,
          0,
          0.14457782,
          -0.028068604,
          0.98909533,
          0,
          3.0642061,
          10.360893,
          53.41887,
          1
        ]
      },
      {
        "date" : 775044603.100998,
        "title" : "Untitled",
        "transform" : [
          0.98948395,
          -0.00025044163,
          -0.14464176,
          0,
          0.0043076035,
          0.9996061,
          0.02773723,
          0,
          0.14457782,
          -0.028068604,
          0.98909533,
          0,
          14.802136,
          17.618633,
          51.909073,
          1
        ]
      }
    ],
    "EAA78127-E00B-4BB2-82E9-7C675FAF3D1E" : [
      {
        "date" : 774509445.862335,
        "title" : "Untitled",
        "transform" : [
          0.97306067,
          3.045979e-08,
          -0.23054908,
          0,
          -0.11356008,
          0.87027663,
          -0.4792939,
          0,
          0.20064147,
          0.49256325,
          0.846832,
          0,
          9.605822,
          37.365356,
          68.241486,
          1
        ]
      },
      {
        "date" : 774505051.789233,
        "title" : "Untitled",
        "transform" : [
          0.97554696,
          3.066688e-08,
          -0.21979134,
          0,
          -0.13588157,
          0.78599745,
          -0.60311216,
          0,
          0.17275539,
          0.61822975,
          0.76677734,
          0,
          1.0315331,
          1.075006,
          72.58723,
          1
        ]
      },
      {
        "date" : 774504984.781659,
        "title" : "Untitled",
        "transform" : [
          0.97554696,
          2.5822443e-08,
          -0.21979135,
          0,
          -0.13588157,
          0.78599745,
          -0.60311216,
          0,
          0.17275542,
          0.6182298,
          0.7667774,
          0,
          1.1356088,
          3.203868,
          74.01,
          1
        ]
      },
      {
        "date" : 774504924.236265,
        "title" : "Untitled",
        "transform" : [
          0.97554684,
          2.6948353e-08,
          -0.21979135,
          0,
          -0.13588157,
          0.78599733,
          -0.60311216,
          0,
          0.17275545,
          0.6182298,
          0.7667774,
          0,
          3.662656,
          8.535525,
          75.41371,
          1
        ]
      },
      {
        "date" : 774504921.324911,
        "title" : "Untitled",
        "transform" : [
          0.97554684,
          2.6948353e-08,
          -0.21979135,
          0,
          -0.13588157,
          0.78599733,
          -0.60311216,
          0,
          0.17275544,
          0.61822975,
          0.7667773,
          0,
          4.027882,
          9.934536,
          74.203445,
          1
        ]
      },
      {
        "date" : 774504915.875722,
        "title" : "Untitled",
        "transform" : [
          0.9958284,
          3.080077e-08,
          -0.09124533,
          0,
          -0.04576188,
          0.8651428,
          -0.49943328,
          0,
          0.078940235,
          0.5015254,
          0.8615339,
          0,
          -5.55366,
          -0.42699063,
          74.67972,
          1
        ]
      },
      {
        "date" : 774504898.236377,
        "title" : "Untitled",
        "transform" : [
          0.9958284,
          3.080077e-08,
          -0.09124533,
          0,
          -0.04576188,
          0.8651428,
          -0.49943328,
          0,
          0.078940235,
          0.5015254,
          0.8615339,
          0,
          1.5619463,
          1.0817679,
          73.149445,
          1
        ]
      },
      {
        "date" : 774504753.837193,
        "title" : "Untitled",
        "transform" : [
          0.9958284,
          3.080077e-08,
          -0.09124533,
          0,
          -0.04576188,
          0.8651428,
          -0.49943328,
          0,
          0.078940235,
          0.5015254,
          0.8615339,
          0,
          0.6895827,
          1.2533988,
          73.129456,
          1
        ]
      },
      {
        "date" : 774504748.625466,
        "title" : "Untitled",
        "transform" : [
          0.9958284,
          3.080077e-08,
          -0.09124533,
          0,
          -0.04576188,
          0.8651428,
          -0.49943328,
          0,
          0.078940235,
          0.5015254,
          0.8615339,
          0,
          1.4054155,
          1.2074734,
          73.0906,
          1
        ]
      },
      {
        "date" : 774504725.520133,
        "title" : "Untitled",
        "transform" : [
          0.9958284,
          3.080077e-08,
          -0.09124533,
          0,
          -0.04576188,
          0.8651428,
          -0.49943328,
          0,
          0.078940235,
          0.5015254,
          0.8615339,
          0,
          1.5229552,
          1.2234498,
          73.070526,
          1
        ]
      }
    ]
  },
  "sceneViewportBackgroundColors" : {

  }
}
