{
  "advancedEditorSelectedIdentifier" : "ProjectBrowser",
  "openSceneRelativePaths" : [
    "Scene.usda"
  ],
  "recentIdentifiers" : {
    "04CE3202-CEA9-4BF3-9159-873F0B7DB687" : [

    ]
  },
  "sceneCameraHistory" : {
    "04CE3202-CEA9-4BF3-9159-873F0B7DB687" : [
      {
        "date" : 775025950.409324,
        "title" : "Untitled",
        "transform" : [
          -0.8024278,
          -0.00025044993,
          0.59674925,
          0,
          0.17392297,
          0.9564876,
          0.23426953,
          0,
          -0.570842,
          0.29177263,
          -0.7674687,
          0,
          -1.5682741,
          2.1011703,
          -130.83694,
          1
        ]
      },
      {
        "date" : 775025945.320022,
        "title" : "Untitled",
        "transform" : [
          -0.80165315,
          -0.00025044993,
          0.59778947,
          0,
          0.17422667,
          0.9564876,
          0.23404375,
          0,
          -0.57183695,
          0.29177263,
          -0.7667277,
          0,
          -1.5115173,
          1.8395519,
          -116.93625,
          1
        ]
      },
      {
        "date" : 775025933.102324,
        "title" : "Untitled",
        "transform" : [
          -0.80165315,
          -0.00025044993,
          0.59778947,
          0,
          0.17422669,
          0.9564877,
          0.23404378,
          0,
          -0.57183695,
          0.29177263,
          -0.7667277,
          0,
          -1.0957419,
          1.4459102,
          -115.95354,
          1
        ]
      },
      {
        "date" : 775025930.537781,
        "title" : "Untitled",
        "transform" : [
          -0.6380926,
          -0.00025044996,
          0.7699596,
          0,
          0.19427364,
          0.96759236,
          0.16131608,
          0,
          -0.7450475,
          0.25251728,
          -0.61736476,
          0,
          -1.9540747,
          1.2513795,
          -115.21335,
          1
        ]
      },
      {
        "date" : 775025928.527881,
        "title" : "Untitled",
        "transform" : [
          -0.6105124,
          -0.00025044958,
          0.7920068,
          0,
          0.16870698,
          0.9770084,
          0.13035543,
          0,
          -0.7738299,
          0.21320051,
          -0.5964334,
          0,
          -1.9709024,
          1.1791387,
          -115.14607,
          1
        ]
      },
      {
        "date" : 775025921.753406,
        "title" : "Untitled",
        "transform" : [
          -0.7927996,
          -0.0002504374,
          -0.6094824,
          0,
          -0.5077659,
          0.5533787,
          0.6602618,
          0,
          0.33710933,
          0.8329296,
          -0.43884563,
          0,
          4.1726236,
          4.606241,
          -114.274376,
          1
        ]
      },
      {
        "date" : 775025919.866704,
        "title" : "Untitled",
        "transform" : [
          -0.9560102,
          -0.00025044242,
          -0.29333344,
          0,
          -0.16032322,
          0.8378683,
          0.5217979,
          0,
          0.24564414,
          0.5458722,
          -0.80105084,
          0,
          3.5958378,
          2.7268665,
          -116.68843,
          1
        ]
      },
      {
        "date" : 775025915.220034,
        "title" : "Untitled",
        "transform" : [
          -0.9560102,
          -0.00025044242,
          -0.29333344,
          0,
          -0.16032322,
          0.8378683,
          0.5217979,
          0,
          0.24564411,
          0.54587215,
          -0.8010507,
          0,
          3.71332,
          1.3842374,
          -114.11653,
          1
        ]
      },
      {
        "date" : 775025906.329405,
        "title" : "Untitled",
        "transform" : [
          0.93638265,
          -0.00025044326,
          -0.35098094,
          0,
          -0.20770927,
          0.8056919,
          -0.55472285,
          0,
          0.2829214,
          0.5923347,
          0.75438386,
          0,
          0.8549029,
          1.7084742,
          -103.166985,
          1
        ]
      },
      {
        "date" : 775025898.084522,
        "title" : "Untitled",
        "transform" : [
          0.97686356,
          -0.00025044553,
          -0.21386349,
          0,
          -0.15080816,
          0.70824057,
          -0.68967533,
          0,
          0.15163952,
          0.705971,
          0.6918166,
          0,
          1.4176537,
          12.395824,
          -68.01957,
          1
        ]
      }
    ],
    "EAA78127-E00B-4BB2-82E9-7C675FAF3D1E" : [
      {
        "date" : 774509445.862335,
        "title" : "Untitled",
        "transform" : [
          0.97306067,
          3.045979e-08,
          -0.23054908,
          0,
          -0.11356008,
          0.87027663,
          -0.4792939,
          0,
          0.20064147,
          0.49256325,
          0.846832,
          0,
          9.605822,
          37.365356,
          68.241486,
          1
        ]
      },
      {
        "date" : 774505051.789233,
        "title" : "Untitled",
        "transform" : [
          0.97554696,
          3.066688e-08,
          -0.21979134,
          0,
          -0.13588157,
          0.78599745,
          -0.60311216,
          0,
          0.17275539,
          0.61822975,
          0.76677734,
          0,
          1.0315331,
          1.075006,
          72.58723,
          1
        ]
      },
      {
        "date" : 774504984.781659,
        "title" : "Untitled",
        "transform" : [
          0.97554696,
          2.5822443e-08,
          -0.21979135,
          0,
          -0.13588157,
          0.78599745,
          -0.60311216,
          0,
          0.17275542,
          0.6182298,
          0.7667774,
          0,
          1.1356088,
          3.203868,
          74.01,
          1
        ]
      },
      {
        "date" : 774504924.236265,
        "title" : "Untitled",
        "transform" : [
          0.97554684,
          2.6948353e-08,
          -0.21979135,
          0,
          -0.13588157,
          0.78599733,
          -0.60311216,
          0,
          0.17275545,
          0.6182298,
          0.7667774,
          0,
          3.662656,
          8.535525,
          75.41371,
          1
        ]
      },
      {
        "date" : 774504921.324911,
        "title" : "Untitled",
        "transform" : [
          0.97554684,
          2.6948353e-08,
          -0.21979135,
          0,
          -0.13588157,
          0.78599733,
          -0.60311216,
          0,
          0.17275544,
          0.61822975,
          0.7667773,
          0,
          4.027882,
          9.934536,
          74.203445,
          1
        ]
      },
      {
        "date" : 774504915.875722,
        "title" : "Untitled",
        "transform" : [
          0.9958284,
          3.080077e-08,
          -0.09124533,
          0,
          -0.04576188,
          0.8651428,
          -0.49943328,
          0,
          0.078940235,
          0.5015254,
          0.8615339,
          0,
          -5.55366,
          -0.42699063,
          74.67972,
          1
        ]
      },
      {
        "date" : 774504898.236377,
        "title" : "Untitled",
        "transform" : [
          0.9958284,
          3.080077e-08,
          -0.09124533,
          0,
          -0.04576188,
          0.8651428,
          -0.49943328,
          0,
          0.078940235,
          0.5015254,
          0.8615339,
          0,
          1.5619463,
          1.0817679,
          73.149445,
          1
        ]
      },
      {
        "date" : 774504753.837193,
        "title" : "Untitled",
        "transform" : [
          0.9958284,
          3.080077e-08,
          -0.09124533,
          0,
          -0.04576188,
          0.8651428,
          -0.49943328,
          0,
          0.078940235,
          0.5015254,
          0.8615339,
          0,
          0.6895827,
          1.2533988,
          73.129456,
          1
        ]
      },
      {
        "date" : 774504748.625466,
        "title" : "Untitled",
        "transform" : [
          0.9958284,
          3.080077e-08,
          -0.09124533,
          0,
          -0.04576188,
          0.8651428,
          -0.49943328,
          0,
          0.078940235,
          0.5015254,
          0.8615339,
          0,
          1.4054155,
          1.2074734,
          73.0906,
          1
        ]
      },
      {
        "date" : 774504725.520133,
        "title" : "Untitled",
        "transform" : [
          0.9958284,
          3.080077e-08,
          -0.09124533,
          0,
          -0.04576188,
          0.8651428,
          -0.49943328,
          0,
          0.078940235,
          0.5015254,
          0.8615339,
          0,
          1.5229552,
          1.2234498,
          73.070526,
          1
        ]
      }
    ]
  },
  "sceneViewportBackgroundColors" : {

  }
}