{
  "advancedEditorSelectedIdentifier" : "ProjectBrowser",
  "openSceneRelativePaths" : [
    "Scene.usda"
  ],
  "recentIdentifiers" : {

  },
  "sceneCameraHistory" : {
    "EAA78127-E00B-4BB2-82E9-7C675FAF3D1E" : [
      {
        "date" : 774509445.862335,
        "title" : "Untitled",
        "transform" : [
          0.97306067,
          3.045979e-08,
          -0.23054908,
          0,
          -0.11356008,
          0.87027663,
          -0.4792939,
          0,
          0.20064147,
          0.49256325,
          0.846832,
          0,
          9.605822,
          37.365356,
          68.241486,
          1
        ]
      },
      {
        "date" : 774505051.789233,
        "title" : "Untitled",
        "transform" : [
          0.97554696,
          3.066688e-08,
          -0.21979134,
          0,
          -0.13588157,
          0.78599745,
          -0.60311216,
          0,
          0.17275539,
          0.61822975,
          0.76677734,
          0,
          1.0315331,
          1.075006,
          72.58723,
          1
        ]
      },
      {
        "date" : 774504984.781659,
        "title" : "Untitled",
        "transform" : [
          0.97554696,
          2.5822443e-08,
          -0.21979135,
          0,
          -0.13588157,
          0.78599745,
          -0.60311216,
          0,
          0.17275542,
          0.6182298,
          0.7667774,
          0,
          1.1356088,
          3.203868,
          74.01,
          1
        ]
      },
      {
        "date" : 774504924.236265,
        "title" : "Untitled",
        "transform" : [
          0.97554684,
          2.6948353e-08,
          -0.21979135,
          0,
          -0.13588157,
          0.78599733,
          -0.60311216,
          0,
          0.17275545,
          0.6182298,
          0.7667774,
          0,
          3.662656,
          8.535525,
          75.41371,
          1
        ]
      },
      {
        "date" : 774504921.324911,
        "title" : "Untitled",
        "transform" : [
          0.97554684,
          2.6948353e-08,
          -0.21979135,
          0,
          -0.13588157,
          0.78599733,
          -0.60311216,
          0,
          0.17275544,
          0.61822975,
          0.7667773,
          0,
          4.027882,
          9.934536,
          74.203445,
          1
        ]
      },
      {
        "date" : 774504915.875722,
        "title" : "Untitled",
        "transform" : [
          0.9958284,
          3.080077e-08,
          -0.09124533,
          0,
          -0.04576188,
          0.8651428,
          -0.49943328,
          0,
          0.078940235,
          0.5015254,
          0.8615339,
          0,
          -5.55366,
          -0.42699063,
          74.67972,
          1
        ]
      },
      {
        "date" : 774504898.236377,
        "title" : "Untitled",
        "transform" : [
          0.9958284,
          3.080077e-08,
          -0.09124533,
          0,
          -0.04576188,
          0.8651428,
          -0.49943328,
          0,
          0.078940235,
          0.5015254,
          0.8615339,
          0,
          1.5619463,
          1.0817679,
          73.149445,
          1
        ]
      },
      {
        "date" : 774504753.837193,
        "title" : "Untitled",
        "transform" : [
          0.9958284,
          3.080077e-08,
          -0.09124533,
          0,
          -0.04576188,
          0.8651428,
          -0.49943328,
          0,
          0.078940235,
          0.5015254,
          0.8615339,
          0,
          0.6895827,
          1.2533988,
          73.129456,
          1
        ]
      },
      {
        "date" : 774504748.625466,
        "title" : "Untitled",
        "transform" : [
          0.9958284,
          3.080077e-08,
          -0.09124533,
          0,
          -0.04576188,
          0.8651428,
          -0.49943328,
          0,
          0.078940235,
          0.5015254,
          0.8615339,
          0,
          1.4054155,
          1.2074734,
          73.0906,
          1
        ]
      },
      {
        "date" : 774504725.520133,
        "title" : "Untitled",
        "transform" : [
          0.9958284,
          3.080077e-08,
          -0.09124533,
          0,
          -0.04576188,
          0.8651428,
          -0.49943328,
          0,
          0.078940235,
          0.5015254,
          0.8615339,
          0,
          1.5229552,
          1.2234498,
          73.070526,
          1
        ]
      }
    ]
  },
  "sceneViewportBackgroundColors" : {

  }
}